1.602624616715932482e-01
-2.880997506088853743e-01
7.636423166189794109e-01
1.885240837178856266e+00
1.960240234395892678e+00
4.174463523861547287e+00
4.749314558516446461e-01
3.697402557007362089e-02
-1.998347732887391537e+00
-4.823136478244010306e+01
-4.132230981154092930e+00
0.000000000000000000e+00
0.000000000000000000e+00
0.000000000000000000e+00
0.000000000000000000e+00
1.000000000000000000e+00
1.000000000000000000e+00
1.000000000000000000e+00
1.000000000000000000e+00
1.000000000000000000e+00
1.000000000000000000e+00
1.000000000000000000e+00
