5.802198227121567464e-02
-3.160934509655786984e-02
2.453480135927730843e-01
1.808149665501639081e-01
2.011780626599648514e-01
3.090429255239011130e+00
1.183601781319232743e-01
1.366124982685868426e-02
-9.940542701262951031e-01
-2.865165518164916847e+01
-1.471386926974761922e+00
-1.009159452668647336e-04
-4.921706466323249143e-06
-1.208452235594132951e-01
-1.096963709644876821e-02
8.685280159552253298e-01
2.270046857511964604e-03
2.042851155865994198e-03
2.463907639197213811e-03
7.884887575017766187e-03
2.472310479135396075e-02
2.059025456021612577e-01
