4.722746965621520410e-01
3.450329945436795276e-01
2.902793705387405332e-01
1.745096576134263833e+00
-7.989846902392603312e-01
4.069172362944946109e+00
3.410146097160126066e-01
4.990217530598425322e-01
-4.818076974945311619e+00
-1.661081588843117629e+01
-6.453144695811791287e+00
0.000000000000000000e+00
0.000000000000000000e+00
0.000000000000000000e+00
0.000000000000000000e+00
1.000000000000000000e+00
1.000000000000000000e+00
1.000000000000000000e+00
1.000000000000000000e+00
1.000000000000000000e+00
1.000000000000000000e+00
1.000000000000000000e+00
