5.802198227121573015e-02
-3.160934509655803637e-02
2.453480135927726957e-01
1.808149665501643799e-01
2.011780626599637134e-01
3.090429255239007578e+00
1.183601781319231355e-01
1.366124982685881090e-02
-9.940542701262938818e-01
-2.865165518164925018e+01
-1.471386926974762810e+00
-1.009159452668700055e-04
-4.921706466322362299e-06
-1.208452235594133367e-01
-1.096963709644859647e-02
8.685280159552254409e-01
2.270046857511964170e-03
2.042851155865979887e-03
2.463907639197213811e-03
7.884887575017767922e-03
2.472310479135395728e-02
2.059025456021613409e-01
