1.164508170136682175e-01
4.116895740635210243e-01
5.103025686470630262e-02
2.001474097727373724e-02
-7.469824028803051519e-01
3.029437235073617618e+00
7.010098435433487207e-02
1.807948029468076090e-01
-3.554364443363353665e+00
-1.398560855358063293e+00
-7.299579601764274450e+00
0.000000000000000000e+00
0.000000000000000000e+00
0.000000000000000000e+00
0.000000000000000000e+00
1.000000000000000000e+00
1.000000000000000000e+00
1.000000000000000000e+00
1.000000000000000000e+00
1.000000000000000000e+00
1.000000000000000000e+00
1.000000000000000000e+00
