2.744067519636623764e-01
2.151893663724194772e-01
6.027633760716438749e-01
1.089766365993793729e+00
-3.053808026443811663e-01
6.458941130666561392e+00
2.187936056313462552e-01
4.458865003910398861e-01
7.819765630061752404e-01
-3.082792405871111541e+01
-2.082749619173354105e+00
0.000000000000000000e+00
0.000000000000000000e+00
0.000000000000000000e+00
0.000000000000000000e+00
1.000000000000000000e+00
1.000000000000000000e+00
1.000000000000000000e+00
1.000000000000000000e+00
1.000000000000000000e+00
1.000000000000000000e+00
1.000000000000000000e+00
