2.931596444873899032e-01
-1.715407383227199878e-01
3.402247344222604220e-01
1.982192710217841158e+00
3.835709387052483876e-01
2.148441508388376775e-01
4.214267059186320163e-01
3.600978516266061802e-01
5.015271378977690375e-01
-2.415149967500403605e+01
-1.841694498216444487e+00
0.000000000000000000e+00
0.000000000000000000e+00
0.000000000000000000e+00
0.000000000000000000e+00
1.000000000000000000e+00
1.000000000000000000e+00
1.000000000000000000e+00
1.000000000000000000e+00
1.000000000000000000e+00
1.000000000000000000e+00
1.000000000000000000e+00
