2.818037512685978019e-01
-4.536675353039502090e-01
3.768030601837173421e-01
1.240167053601006764e+00
-3.402786254099332552e-01
1.423545570533623073e+00
6.985294902978500531e-02
1.580759007734214849e-01
-4.275197223932741153e+00
-3.250732690735044628e+01
-7.016703803619575908e+00
0.000000000000000000e+00
0.000000000000000000e+00
0.000000000000000000e+00
0.000000000000000000e+00
1.000000000000000000e+00
1.000000000000000000e+00
1.000000000000000000e+00
1.000000000000000000e+00
1.000000000000000000e+00
1.000000000000000000e+00
1.000000000000000000e+00
