5.802198227121571628e-02
-3.160934509655814045e-02
2.453480135927728345e-01
1.808149665501641856e-01
2.011780626599658506e-01
3.090429255239008466e+00
1.183601781319232465e-01
1.366124982685869120e-02
-9.940542701262948810e-01
-2.865165518164922531e+01
-1.471386926974763032e+00
-1.009159452668681082e-04
-4.921706466322950140e-06
-1.208452235594133922e-01
-1.096963709644786095e-02
8.685280159552254409e-01
2.270046857511963303e-03
2.042851155865988561e-03
2.463907639197212944e-03
7.884887575017764452e-03
2.472310479135394340e-02
2.059025456021614242e-01
