5.802198227121570934e-02
-3.160934509655809188e-02
2.453480135927728067e-01
1.808149665501641579e-01
2.011780626599640465e-01
3.090429255239009354e+00
1.183601781319232604e-01
1.366124982685868773e-02
-9.940542701262951031e-01
-2.865165518164921465e+01
-1.471386926974763254e+00
-1.009159452668678371e-04
-4.921706466323566780e-06
-1.208452235594134616e-01
-1.096963709644828595e-02
8.685280159552253298e-01
2.270046857511964604e-03
2.042851155865984657e-03
2.463907639197213811e-03
7.884887575017766187e-03
2.472310479135395034e-02
2.059025456021613687e-01
