5.802198227121561219e-02
-3.160934509655833474e-02
2.453480135927737504e-01
1.808149665501637970e-01
2.011780626599627697e-01
3.090429255239013795e+00
1.183601781319232882e-01
1.366124982685860099e-02
-9.940542701262953251e-01
-2.865165518164921821e+01
-1.471386926974764142e+00
-1.009159452668720249e-04
-4.921706466322959457e-06
-1.208452235594136837e-01
-1.096963709644858780e-02
8.685280159552245527e-01
2.270046857511965471e-03
2.042851155865987693e-03
2.463907639197211643e-03
7.884887575017764452e-03
2.472310479135397462e-02
2.059025456021610911e-01
