3.904519493962330667e-01
-1.188554581806584576e-01
8.286376417073243461e-01
1.563365583414524362e+00
1.206388472960810088e+00
3.569017747719348321e+00
4.810609668793694449e-01
1.781199273593540577e-01
-8.851757427314854709e-02
-4.740599464610475877e+00
-9.572367285965256656e+00
0.000000000000000000e+00
0.000000000000000000e+00
0.000000000000000000e+00
0.000000000000000000e+00
1.000000000000000000e+00
1.000000000000000000e+00
1.000000000000000000e+00
1.000000000000000000e+00
1.000000000000000000e+00
1.000000000000000000e+00
1.000000000000000000e+00
