3.344125428155899082e-01
-1.492886846302974302e-01
8.931057385208978072e-01
5.560706110871267427e-01
-1.790051823741449777e+00
9.178913776418150761e+00
2.360810264769502287e-01
3.123625599502855010e-03
-2.071961903035961505e+00
-7.943665212226136418e+00
-2.300466625216741612e+00
0.000000000000000000e+00
0.000000000000000000e+00
0.000000000000000000e+00
0.000000000000000000e+00
1.000000000000000000e+00
1.000000000000000000e+00
1.000000000000000000e+00
1.000000000000000000e+00
1.000000000000000000e+00
1.000000000000000000e+00
1.000000000000000000e+00
