8.960332362600764711e-02
1.966449022919055656e-01
8.883384961370718313e-01
6.083097652347064788e-01
8.778872210655555008e-01
2.405694003564820882e+00
4.858914552570524625e-01
4.202068858890996572e-01
7.107773042656928553e-01
-3.518662513820024174e+01
-3.241213163563209321e+00
0.000000000000000000e+00
0.000000000000000000e+00
0.000000000000000000e+00
0.000000000000000000e+00
1.000000000000000000e+00
1.000000000000000000e+00
1.000000000000000000e+00
1.000000000000000000e+00
1.000000000000000000e+00
1.000000000000000000e+00
1.000000000000000000e+00
