5.802198227121578566e-02
-3.160934509655820290e-02
2.453480135927720573e-01
1.808149665501633530e-01
2.011780626599645461e-01
3.090429255239017348e+00
1.183601781319233992e-01
1.366124982685812915e-02
-9.940542701262961023e-01
-2.865165518164917202e+01
-1.471386926974762366e+00
-1.009159452668715099e-04
-4.921706466323151734e-06
-1.208452235594136281e-01
-1.096963709644748451e-02
8.685280159552244417e-01
2.270046857511965038e-03
2.042851155865985525e-03
2.463907639197212944e-03
7.884887575017762718e-03
2.472310479135391564e-02
2.059025456021610634e-01
