4.724836319146666908e-01
3.812429553949876482e-01
3.290491674462214799e-02
1.168254986016763919e+00
-1.298614420755551890e+00
4.863150554309251028e+00
3.454517993820473976e-01
1.080269140143099160e-01
-1.410892913648771341e+00
-2.535400787751349583e+01
-5.363171508133660836e+00
0.000000000000000000e+00
0.000000000000000000e+00
0.000000000000000000e+00
0.000000000000000000e+00
1.000000000000000000e+00
1.000000000000000000e+00
1.000000000000000000e+00
1.000000000000000000e+00
1.000000000000000000e+00
1.000000000000000000e+00
1.000000000000000000e+00
