5.802198227121582730e-02
-3.160934509655809188e-02
2.453480135927717243e-01
1.808149665501639081e-01
2.011780626599654342e-01
3.090429255239011130e+00
1.183601781319232743e-01
1.366124982685840844e-02
-9.940542701262949921e-01
-2.865165518164920400e+01
-1.471386926974762144e+00
-1.009159452668664277e-04
-4.921706466323530358e-06
-1.208452235594133922e-01
-1.096963709644909434e-02
8.685280159552253298e-01
2.270046857511963303e-03
2.042851155865995933e-03
2.463907639197214679e-03
7.884887575017766187e-03
2.472310479135392952e-02
2.059025456021613132e-01
