5.802198227121568852e-02
-3.160934509655824454e-02
2.453480135927731676e-01
1.808149665501641024e-01
2.011780626599645183e-01
3.090429255239009798e+00
1.183601781319232743e-01
1.366124982685865130e-02
-9.940542701262951031e-01
-2.865165518164922887e+01
-1.471386926974763698e+00
-1.009159452668685825e-04
-4.921706466322938282e-06
-1.208452235594134477e-01
-1.096963709644866933e-02
8.685280159552251078e-01
2.270046857511964604e-03
2.042851155865992464e-03
2.463907639197213811e-03
7.884887575017766187e-03
2.472310479135395034e-02
2.059025456021612854e-01
