2.967119114886379583e-02
-1.150588797294472831e-01
4.306210243760956180e-01
1.605206864621467000e+00
-1.194872759442417109e+00
4.220279662166320556e+00
4.197540632155051799e-01
5.446166600790558476e-02
-1.324125651870421194e+00
-2.598529142436109041e+01
-9.385189153792955707e+00
0.000000000000000000e+00
0.000000000000000000e+00
0.000000000000000000e+00
0.000000000000000000e+00
1.000000000000000000e+00
1.000000000000000000e+00
1.000000000000000000e+00
1.000000000000000000e+00
1.000000000000000000e+00
1.000000000000000000e+00
1.000000000000000000e+00
