5.802198227121580648e-02
-3.160934509655811964e-02
2.453480135927719741e-01
1.808149665501637693e-01
2.011780626599660726e-01
3.090429255239012463e+00
1.183601781319233159e-01
1.366124982685833038e-02
-9.940542701262954361e-01
-2.865165518164920755e+01
-1.471386926974762588e+00
-1.009159452668674170e-04
-4.921706466322723135e-06
-1.208452235594133228e-01
-1.096963709644886882e-02
8.685280159552253298e-01
2.270046857511964604e-03
2.042851155865996800e-03
2.463907639197212944e-03
7.884887575017764452e-03
2.472310479135391911e-02
2.059025456021612577e-01
