7.081513453837035010e-02
-1.884556388724100140e-01
5.547922915643344055e-01
2.516228372207147679e-01
-2.446967804316502182e-02
9.211278398605246664e+00
1.899225170721806633e-01
6.322482572166610026e-02
9.925052287429156905e-01
-1.145382135638211452e+01
-2.698900397174432975e+00
0.000000000000000000e+00
0.000000000000000000e+00
0.000000000000000000e+00
0.000000000000000000e+00
1.000000000000000000e+00
1.000000000000000000e+00
1.000000000000000000e+00
1.000000000000000000e+00
1.000000000000000000e+00
1.000000000000000000e+00
1.000000000000000000e+00
