5.802198227121557750e-02
-3.160934509655839719e-02
2.453480135927740557e-01
1.808149665501641579e-01
2.011780626599621591e-01
3.090429255239010242e+00
1.183601781319232188e-01
1.366124982685870681e-02
-9.940542701262946590e-01
-2.865165518164923242e+01
-1.471386926974764364e+00
-1.009159452668718080e-04
-4.921706466323310129e-06
-1.208452235594138086e-01
-1.096963709644894168e-02
8.685280159552244417e-01
2.270046857511965038e-03
2.042851155865983356e-03
2.463907639197210776e-03
7.884887575017762718e-03
2.472310479135396422e-02
2.059025456021611467e-01
