1.450845088835852614e-01
3.218534733920103141e-01
3.250777402240534464e-02
5.158958610771215980e-01
-5.102223220246178137e-01
8.779890837200499121e+00
8.786696537567512122e-02
4.402989195531972766e-01
-2.854410182314272237e+00
-3.592298753088537211e+01
-2.126992367305291509e-03
0.000000000000000000e+00
0.000000000000000000e+00
0.000000000000000000e+00
0.000000000000000000e+00
1.000000000000000000e+00
1.000000000000000000e+00
1.000000000000000000e+00
1.000000000000000000e+00
1.000000000000000000e+00
1.000000000000000000e+00
1.000000000000000000e+00
