4.744706555529198400e-01
3.825327080063020135e-01
2.865375261468451340e-01
1.714836552186378427e-01
1.609503610321336708e-01
7.864535189916418645e+00
6.591712076321631919e-02
3.997907544256340540e-01
-2.191098831851676643e+00
-4.362583795921919716e+01
-2.989563956924399690e+00
0.000000000000000000e+00
0.000000000000000000e+00
0.000000000000000000e+00
0.000000000000000000e+00
1.000000000000000000e+00
1.000000000000000000e+00
1.000000000000000000e+00
1.000000000000000000e+00
1.000000000000000000e+00
1.000000000000000000e+00
1.000000000000000000e+00
