5.802198227121564689e-02
-3.160934509655814739e-02
2.453480135927734174e-01
1.808149665501641301e-01
2.011780626599632416e-01
3.090429255239009798e+00
1.183601781319232743e-01
1.366124982685851946e-02
-9.940542701262951031e-01
-2.865165518164921110e+01
-1.471386926974762810e+00
-1.009159452668684741e-04
-4.921706466323409232e-06
-1.208452235594135171e-01
-1.096963709644774125e-02
8.685280159552245527e-01
2.270046857511964170e-03
2.042851155865988994e-03
2.463907639197213378e-03
7.884887575017766187e-03
2.472310479135395728e-02
2.059025456021612854e-01
