4.303686705329278217e-01
2.662284648024280109e-01
2.241462967164725706e-01
1.756473268944398036e+00
-5.434444684675021620e-03
3.983013033165327066e+00
4.362154171938541491e-01
6.065673518269470987e-02
-4.853823282165187436e+00
-4.184881754189087388e+01
-9.999054962399501534e+00
0.000000000000000000e+00
0.000000000000000000e+00
0.000000000000000000e+00
0.000000000000000000e+00
1.000000000000000000e+00
1.000000000000000000e+00
1.000000000000000000e+00
1.000000000000000000e+00
1.000000000000000000e+00
1.000000000000000000e+00
1.000000000000000000e+00
