5.802198227121578566e-02
-3.160934509655786984e-02
2.453480135927720018e-01
1.808149665501639081e-01
2.011780626599649902e-01
3.090429255239011130e+00
1.183601781319233437e-01
1.366124982685863569e-02
-9.940542701262957692e-01
-2.865165518164917202e+01
-1.471386926974762144e+00
-1.009159452668648691e-04
-4.921706466323411773e-06
-1.208452235594133367e-01
-1.096963709644833279e-02
8.685280159552251078e-01
2.270046857511965038e-03
2.042851155865986826e-03
2.463907639197213811e-03
7.884887575017764452e-03
2.472310479135393299e-02
2.059025456021612299e-01
