2.113546178740562387e-01
-1.221015032963286284e-01
8.510739798288100566e-01
9.968701583055630255e-01
1.904764478459108901e-01
6.992747486707491689e+00
1.023097276231884067e-01
3.527046219577123498e-02
-2.817397399116584822e+00
-6.060939172152366439e+00
-5.449337679454088423e+00
0.000000000000000000e+00
0.000000000000000000e+00
0.000000000000000000e+00
0.000000000000000000e+00
1.000000000000000000e+00
1.000000000000000000e+00
1.000000000000000000e+00
1.000000000000000000e+00
1.000000000000000000e+00
1.000000000000000000e+00
1.000000000000000000e+00
