5.802198227121577873e-02
-3.160934509655791841e-02
2.453480135927721129e-01
1.808149665501644909e-01
2.011780626599644906e-01
3.090429255239005801e+00
1.183601781319232465e-01
1.366124982685886294e-02
-9.940542701262949921e-01
-2.865165518164923597e+01
-1.471386926974763476e+00
-1.009159452668681353e-04
-4.921706466322551187e-06
-1.208452235594134061e-01
-1.096963709644882719e-02
8.685280159552251078e-01
2.270046857511965905e-03
2.042851155865999403e-03
2.463907639197215546e-03
7.884887575017769656e-03
2.472310479135394340e-02
2.059025456021614797e-01
