5.802198227121573015e-02
-3.160934509655817515e-02
2.453480135927727235e-01
1.808149665501637138e-01
2.011780626599656285e-01
3.090429255239012907e+00
1.183601781319232604e-01
1.366124982685865998e-02
-9.940542701262949921e-01
-2.865165518164921465e+01
-1.471386926974763254e+00
-1.009159452668662786e-04
-4.921706466322345358e-06
-1.208452235594133783e-01
-1.096963709644837789e-02
8.685280159552254409e-01
2.270046857511964604e-03
2.042851155865986392e-03
2.463907639197212510e-03
7.884887575017764452e-03
2.472310479135394340e-02
2.059025456021611189e-01
