5.802198227121578566e-02
-3.160934509655825841e-02
2.453480135927721129e-01
1.808149665501644077e-01
2.011780626599637412e-01
3.090429255239007134e+00
1.183601781319232604e-01
1.366124982685843793e-02
-9.940542701262948810e-01
-2.865165518164924308e+01
-1.471386926974763698e+00
-1.009159452668686503e-04
-4.921706466323466830e-06
-1.208452235594135171e-01
-1.096963709644845249e-02
8.685280159552251078e-01
2.270046857511963737e-03
2.042851155865987693e-03
2.463907639197213378e-03
7.884887575017764452e-03
2.472310479135392258e-02
2.059025456021613409e-01
