5.364792950763053181e-02
-2.880630701273578786e-01
3.878517103697026736e-01
7.302849922378411573e-01
-1.660885585571910461e+00
3.276127478654419001e+00
2.349733796938180408e-01
2.796877871325622045e-01
-3.431623121165134904e+00
-1.089019057153268477e+01
-3.821395276237447902e+00
0.000000000000000000e+00
0.000000000000000000e+00
0.000000000000000000e+00
0.000000000000000000e+00
1.000000000000000000e+00
1.000000000000000000e+00
1.000000000000000000e+00
1.000000000000000000e+00
1.000000000000000000e+00
1.000000000000000000e+00
1.000000000000000000e+00
