5.802198227121585505e-02
-3.160934509655800861e-02
2.453480135927713912e-01
1.808149665501642134e-01
2.011780626599668498e-01
3.090429255239008022e+00
1.183601781319232882e-01
1.366124982685845007e-02
-9.940542701262951031e-01
-2.865165518164922887e+01
-1.471386926974762810e+00
-1.009159452668674577e-04
-4.921706466323076348e-06
-1.208452235594133506e-01
-1.096963709644956791e-02
8.685280159552251078e-01
2.270046857511963737e-03
2.042851155865996367e-03
2.463907639197213378e-03
7.884887575017766187e-03
2.472310479135391217e-02
2.059025456021614520e-01
