4.939043285009633855e-01
-2.612808146628515793e-01
1.395773424613122593e-02
1.637568721817905359e+00
-1.357519337028348261e+00
9.796225431373056125e+00
2.911110435470478652e-01
2.635628247778974975e-01
-2.453634628759037817e+00
-1.908172023111545101e+01
-8.157203940014662535e+00
0.000000000000000000e+00
0.000000000000000000e+00
0.000000000000000000e+00
0.000000000000000000e+00
1.000000000000000000e+00
1.000000000000000000e+00
1.000000000000000000e+00
1.000000000000000000e+00
1.000000000000000000e+00
1.000000000000000000e+00
1.000000000000000000e+00
