5.802198227121572321e-02
-3.160934509655802943e-02
2.453480135927726402e-01
1.808149665501637970e-01
2.011780626599647126e-01
3.090429255239012463e+00
1.183601781319233021e-01
1.366124982685835119e-02
-9.940542701262953251e-01
-2.865165518164920400e+01
-1.471386926974762588e+00
-1.009159452668674983e-04
-4.921706466323332999e-06
-1.208452235594134894e-01
-1.096963709644835361e-02
8.685280159552247747e-01
2.270046857511963737e-03
2.042851155865987693e-03
2.463907639197213811e-03
7.884887575017767922e-03
2.472310479135394340e-02
2.059025456021613132e-01
