2.243676100961305986e-01
-2.164622879120612353e-01
6.256649614000473481e-01
9.912130784070825040e-01
-6.498647084565947196e-01
5.734853508776780018e+00
1.303153904224244042e-01
4.973739746328509348e-01
-1.583870375493677152e+00
-4.543904490368053928e+01
-6.880371257121209894e+00
0.000000000000000000e+00
0.000000000000000000e+00
0.000000000000000000e+00
0.000000000000000000e+00
1.000000000000000000e+00
1.000000000000000000e+00
1.000000000000000000e+00
1.000000000000000000e+00
1.000000000000000000e+00
1.000000000000000000e+00
1.000000000000000000e+00
