4.057830248876106993e-01
2.084090612742914850e-01
1.115284252761576944e-01
1.133575728950671824e+00
1.171113018350288915e+00
8.376069301429001968e+00
2.710757863235599974e-01
9.754191270712397888e-02
-3.865076948265561363e+00
-7.760402420549525004e+00
-6.078134472626882889e+00
0.000000000000000000e+00
0.000000000000000000e+00
0.000000000000000000e+00
0.000000000000000000e+00
1.000000000000000000e+00
1.000000000000000000e+00
1.000000000000000000e+00
1.000000000000000000e+00
1.000000000000000000e+00
1.000000000000000000e+00
1.000000000000000000e+00
