5.802198227121558444e-02
-3.160934509655827923e-02
2.453480135927741113e-01
1.808149665501638526e-01
2.011780626599638244e-01
3.090429255239012463e+00
1.183601781319232882e-01
1.366124982685870508e-02
-9.940542701262953251e-01
-2.865165518164920400e+01
-1.471386926974764142e+00
-1.009159452668667665e-04
-4.921706466323270318e-06
-1.208452235594135865e-01
-1.096963709644901974e-02
8.685280159552247747e-01
2.270046857511965905e-03
2.042851155865992464e-03
2.463907639197212510e-03
7.884887575017764452e-03
2.472310479135397115e-02
2.059025456021610911e-01
