5.802198227121580648e-02
-3.160934509655813351e-02
2.453480135927718353e-01
1.808149665501637970e-01
2.011780626599647126e-01
3.090429255239012463e+00
1.183601781319232882e-01
1.366124982685821242e-02
-9.940542701262951031e-01
-2.865165518164921110e+01
-1.471386926974762366e+00
-1.009159452668685554e-04
-4.921706466323512570e-06
-1.208452235594136420e-01
-1.096963709644805871e-02
8.685280159552244417e-01
2.270046857511963303e-03
2.042851155865993765e-03
2.463907639197213378e-03
7.884887575017766187e-03
2.472310479135391911e-02
2.059025456021613965e-01
