1.825177082013625385e-01
4.246267339854351563e-01
6.310269927332279316e-02
1.978057938974572272e+00
5.785733276283933080e-01
6.450316849725581392e+00
3.740872095565294098e-01
7.363053123118001864e-02
-1.471206138275268138e+00
-3.824840121433358320e+01
-8.447730820150614051e+00
0.000000000000000000e+00
0.000000000000000000e+00
0.000000000000000000e+00
0.000000000000000000e+00
1.000000000000000000e+00
1.000000000000000000e+00
1.000000000000000000e+00
1.000000000000000000e+00
1.000000000000000000e+00
1.000000000000000000e+00
1.000000000000000000e+00
