5.802198227121586893e-02
-3.160934509655817515e-02
2.453480135927714190e-01
1.808149665501642411e-01
2.011780626599658228e-01
3.090429255239007578e+00
1.183601781319233159e-01
1.366124982685848130e-02
-9.940542701262954361e-01
-2.865165518164922176e+01
-1.471386926974762588e+00
-1.009159452668642728e-04
-4.921706466322787510e-06
-1.208452235594133367e-01
-1.096963709644990098e-02
8.685280159552254409e-01
2.270046857511963303e-03
2.042851155865997234e-03
2.463907639197214679e-03
7.884887575017764452e-03
2.472310479135389483e-02
2.059025456021614797e-01
