2.131293252694344553e-01
-3.305727139459313513e-01
4.708511903261567433e-01
9.993238487107751755e-01
-1.342313890683399791e+00
4.493997871376951281e+00
4.626227568323977857e-01
2.514761689870878558e-01
-4.005640216583352675e+00
-4.687368334401030978e+01
-5.478865200925038259e+00
0.000000000000000000e+00
0.000000000000000000e+00
0.000000000000000000e+00
0.000000000000000000e+00
1.000000000000000000e+00
1.000000000000000000e+00
1.000000000000000000e+00
1.000000000000000000e+00
1.000000000000000000e+00
1.000000000000000000e+00
1.000000000000000000e+00
