4.948623663891055235e-02
-4.590172782487477177e-01
6.640970269049825125e-01
2.057859333354681297e-01
5.883427001334480266e-01
1.427421582164740688e+00
2.668766595046367929e-01
1.905553314650622054e-01
6.090579949479746347e-02
-2.164537565537603214e+01
-3.729891746634072192e+00
0.000000000000000000e+00
0.000000000000000000e+00
0.000000000000000000e+00
0.000000000000000000e+00
1.000000000000000000e+00
1.000000000000000000e+00
1.000000000000000000e+00
1.000000000000000000e+00
1.000000000000000000e+00
1.000000000000000000e+00
1.000000000000000000e+00
