5.802198227121577179e-02
-3.160934509655784208e-02
2.453480135927721684e-01
1.808149665501642134e-01
2.011780626599646016e-01
3.090429255239008022e+00
1.183601781319232604e-01
1.366124982685882130e-02
-9.940542701262951031e-01
-2.865165518164922531e+01
-1.471386926974763032e+00
-1.009159452668627414e-04
-4.921706466323105147e-06
-1.208452235594132951e-01
-1.096963709644823738e-02
8.685280159552251078e-01
2.270046857511964604e-03
2.042851155865986392e-03
2.463907639197213811e-03
7.884887575017766187e-03
2.472310479135393993e-02
2.059025456021612854e-01
