4.792089393587638524e-01
6.020751558669845682e-02
4.909105881605811961e-01
5.239978562174727461e-01
3.653766855414373182e-01
5.601738954994358366e+00
4.698535105178641702e-01
3.507913582512626194e-01
-4.993383745189056810e+00
-3.094408333749826667e+01
-3.660419725191092155e+00
0.000000000000000000e+00
0.000000000000000000e+00
0.000000000000000000e+00
0.000000000000000000e+00
1.000000000000000000e+00
1.000000000000000000e+00
1.000000000000000000e+00
1.000000000000000000e+00
1.000000000000000000e+00
1.000000000000000000e+00
1.000000000000000000e+00
