3.676799471727597579e-01
1.595394677411193785e-01
7.446917057156456909e-01
8.015743300006368255e-01
1.678015045634718927e+00
8.019197907949930482e+00
4.263882942491955541e-01
4.115671410238378458e-01
-1.616481918235346704e+00
-3.944882976122640628e+01
-8.719322875586577481e+00
0.000000000000000000e+00
0.000000000000000000e+00
0.000000000000000000e+00
0.000000000000000000e+00
1.000000000000000000e+00
1.000000000000000000e+00
1.000000000000000000e+00
1.000000000000000000e+00
1.000000000000000000e+00
1.000000000000000000e+00
1.000000000000000000e+00
