5.802198227121576485e-02
-3.160934509655796004e-02
2.453480135927723349e-01
1.808149665501640746e-01
2.011780626599656563e-01
3.090429255239009354e+00
1.183601781319232604e-01
1.366124982685860099e-02
-9.940542701262949921e-01
-2.865165518164923597e+01
-1.471386926974763032e+00
-1.009159452668674306e-04
-4.921706466322565587e-06
-1.208452235594133090e-01
-1.096963709644829289e-02
8.685280159552251078e-01
2.270046857511964170e-03
2.042851155865991596e-03
2.463907639197214679e-03
7.884887575017766187e-03
2.472310479135394340e-02
2.059025456021614242e-01
