5.802198227121587587e-02
-3.160934509655796004e-02
2.453480135927712524e-01
1.808149665501644632e-01
2.011780626599656840e-01
3.090429255239005801e+00
1.183601781319231910e-01
1.366124982685843099e-02
-9.940542701262943259e-01
-2.865165518164923597e+01
-1.471386926974762144e+00
-1.009159452668670375e-04
-4.921706466322890001e-06
-1.208452235594133367e-01
-1.096963709644956791e-02
8.685280159552254409e-01
2.270046857511963303e-03
2.042851155865990729e-03
2.463907639197215980e-03
7.884887575017766187e-03
2.472310479135392258e-02
2.059025456021616463e-01
