2.381147159836413674e-01
-3.621006638749957318e-02
2.903572397048450604e-01
1.887126422444315610e+00
-9.778681325705638194e-01
7.336669104327566693e+00
3.547529607962310871e-01
4.460610715190121978e-01
-3.786661684628554791e+00
-1.049378061074504132e+01
-1.731807161948506035e+00
0.000000000000000000e+00
0.000000000000000000e+00
0.000000000000000000e+00
0.000000000000000000e+00
1.000000000000000000e+00
1.000000000000000000e+00
1.000000000000000000e+00
1.000000000000000000e+00
1.000000000000000000e+00
1.000000000000000000e+00
1.000000000000000000e+00
