1.383398117237369385e-01
-3.578636451581496125e-01
6.030809806387158467e-01
9.938036002714487616e-01
-9.787864585133116968e-01
7.376953409407507323e+00
4.193703429079156386e-01
4.936124385310839968e-01
-4.436922035839928391e+00
-4.088694605464252163e+01
-4.453872072800848514e-01
0.000000000000000000e+00
0.000000000000000000e+00
0.000000000000000000e+00
0.000000000000000000e+00
1.000000000000000000e+00
1.000000000000000000e+00
1.000000000000000000e+00
1.000000000000000000e+00
1.000000000000000000e+00
1.000000000000000000e+00
1.000000000000000000e+00
