5.802198227121573015e-02
-3.160934509655818209e-02
2.453480135927726680e-01
1.808149665501639358e-01
2.011780626599640465e-01
3.090429255239011574e+00
1.183601781319233437e-01
1.366124982685862008e-02
-9.940542701262957692e-01
-2.865165518164921110e+01
-1.471386926974763698e+00
-1.009159452668669020e-04
-4.921706466323590497e-06
-1.208452235594134894e-01
-1.096963709644933373e-02
8.685280159552251078e-01
2.270046857511965038e-03
2.042851155865991163e-03
2.463907639197213378e-03
7.884887575017762718e-03
2.472310479135393299e-02
2.059025456021611189e-01
