5.802198227121577873e-02
-3.160934509655825841e-02
2.453480135927721961e-01
1.808149665501640746e-01
2.011780626599655730e-01
3.090429255239009354e+00
1.183601781319233437e-01
1.366124982685829395e-02
-9.940542701262957692e-01
-2.865165518164921821e+01
-1.471386926974763476e+00
-1.009159452668665496e-04
-4.921706466323122935e-06
-1.208452235594133922e-01
-1.096963709644790605e-02
8.685280159552251078e-01
2.270046857511964170e-03
2.042851155865989428e-03
2.463907639197213378e-03
7.884887575017764452e-03
2.472310479135392605e-02
2.059025456021613409e-01
