5.802198227121583424e-02
-3.160934509655805025e-02
2.453480135927716133e-01
1.808149665501638248e-01
2.011780626599664612e-01
3.090429255239011574e+00
1.183601781319233159e-01
1.366124982685832344e-02
-9.940542701262954361e-01
-2.865165518164918979e+01
-1.471386926974761700e+00
-1.009159452668671866e-04
-4.921706466323120394e-06
-1.208452235594134061e-01
-1.096963709644825646e-02
8.685280159552253298e-01
2.270046857511963303e-03
2.042851155865986392e-03
2.463907639197213378e-03
7.884887575017766187e-03
2.472310479135391911e-02
2.059025456021613132e-01
