2.239458228974183784e-02
1.418645154511530837e-01
9.615935352198742292e-01
7.995546128938246788e-02
-1.981407905038341966e+00
5.053196534181727984e+00
3.543384677777525749e-01
4.578864604651034509e-01
-4.261273632529817945e+00
-1.432835489844931942e+01
-5.355536555935294096e+00
0.000000000000000000e+00
0.000000000000000000e+00
0.000000000000000000e+00
0.000000000000000000e+00
1.000000000000000000e+00
1.000000000000000000e+00
1.000000000000000000e+00
1.000000000000000000e+00
1.000000000000000000e+00
1.000000000000000000e+00
1.000000000000000000e+00
