1.988120639971351911e-01
4.717205995587271383e-01
3.899771617936180768e-01
1.149263496189087963e-01
-4.129153831784373452e-01
7.013212978313232426e-01
2.661556602308523534e-01
1.324286984879552986e-01
-4.313291072429050743e+00
-4.222657569068395844e+00
-9.102475067463149827e+00
0.000000000000000000e+00
0.000000000000000000e+00
0.000000000000000000e+00
0.000000000000000000e+00
1.000000000000000000e+00
1.000000000000000000e+00
1.000000000000000000e+00
1.000000000000000000e+00
1.000000000000000000e+00
1.000000000000000000e+00
1.000000000000000000e+00
