5.802198227121579260e-02
-3.160934509655816127e-02
2.453480135927720296e-01
1.808149665501641301e-01
2.011780626599649624e-01
3.090429255239009354e+00
1.183601781319232743e-01
1.366124982685839630e-02
-9.940542701262949921e-01
-2.865165518164921110e+01
-1.471386926974762366e+00
-1.009159452668673899e-04
-4.921706466323135640e-06
-1.208452235594134200e-01
-1.096963709644909780e-02
8.685280159552251078e-01
2.270046857511963303e-03
2.042851155865985091e-03
2.463907639197213811e-03
7.884887575017766187e-03
2.472310479135392952e-02
2.059025456021613132e-01
