4.996210510988602360e-02
-1.971519000949706335e-01
7.830598090379915499e-01
1.008761853776554807e+00
-1.549237654204699055e+00
1.024472385416885789e+00
4.324352883645284917e-01
4.310446997573492145e-01
-2.609521442674599179e+00
-1.260665046317293303e+01
-8.251100532301284929e+00
0.000000000000000000e+00
0.000000000000000000e+00
0.000000000000000000e+00
0.000000000000000000e+00
1.000000000000000000e+00
1.000000000000000000e+00
1.000000000000000000e+00
1.000000000000000000e+00
1.000000000000000000e+00
1.000000000000000000e+00
1.000000000000000000e+00
