3.124704386521809374e-01
-2.397365194477975026e-01
5.370448202666259219e-01
1.131630227518812148e+00
-1.694853748618006417e+00
4.881883692411492781e+00
1.173894507306404988e-01
1.197009767012425230e-01
-2.987236422665631608e+00
-8.912676600064223464e+00
-5.360727365060028227e+00
0.000000000000000000e+00
0.000000000000000000e+00
0.000000000000000000e+00
0.000000000000000000e+00
1.000000000000000000e+00
1.000000000000000000e+00
1.000000000000000000e+00
1.000000000000000000e+00
1.000000000000000000e+00
1.000000000000000000e+00
1.000000000000000000e+00
