3.028091350532564063e-01
-3.522242398955017784e-01
9.022482223311678595e-02
1.022964682008840942e+00
7.709812183250379647e-01
9.539918768016642403e+00
4.435360823082297732e-01
1.568732639964183218e-01
1.058053635978772888e-02
-4.192449029210609979e+01
-2.592075974958930829e+00
0.000000000000000000e+00
0.000000000000000000e+00
0.000000000000000000e+00
0.000000000000000000e+00
1.000000000000000000e+00
1.000000000000000000e+00
1.000000000000000000e+00
1.000000000000000000e+00
1.000000000000000000e+00
1.000000000000000000e+00
1.000000000000000000e+00
