5.802198227121576485e-02
-3.160934509655816821e-02
2.453480135927723904e-01
1.808149665501636583e-01
2.011780626599647681e-01
3.090429255239013795e+00
1.183601781319233714e-01
1.366124982685852987e-02
-9.940542701262961023e-01
-2.865165518164919689e+01
-1.471386926974763476e+00
-1.009159452668663057e-04
-4.921706466322447002e-06
-1.208452235594133783e-01
-1.096963709644823044e-02
8.685280159552253298e-01
2.270046857511966339e-03
2.042851155865994632e-03
2.463907639197213811e-03
7.884887575017766187e-03
2.472310479135390870e-02
2.059025456021610634e-01
