2.072919839783205487e-01
6.771961890606703616e-02
9.149456009560804626e-01
1.863459085022927342e+00
1.685488498279172020e+00
8.890274956404233819e+00
2.724351020039934013e-01
2.534873472031106134e-01
-1.862870503273489131e+00
-4.762581801821074379e+01
-2.358702317253684733e+00
0.000000000000000000e+00
0.000000000000000000e+00
0.000000000000000000e+00
0.000000000000000000e+00
1.000000000000000000e+00
1.000000000000000000e+00
1.000000000000000000e+00
1.000000000000000000e+00
1.000000000000000000e+00
1.000000000000000000e+00
1.000000000000000000e+00
