5.802198227121570934e-02
-3.160934509655801555e-02
2.453480135927728067e-01
1.808149665501634362e-01
2.011780626599659894e-01
3.090429255239015127e+00
1.183601781319233714e-01
1.366124982685872936e-02
-9.940542701262961023e-01
-2.865165518164918623e+01
-1.471386926974763476e+00
-1.009159452668633377e-04
-4.921706466323407538e-06
-1.208452235594133783e-01
-1.096963709644816452e-02
8.685280159552248858e-01
2.270046857511965471e-03
2.042851155865998102e-03
2.463907639197213811e-03
7.884887575017762718e-03
2.472310479135393299e-02
2.059025456021610079e-01
