3.691014907318702631e-01
-5.917133790961104367e-02
8.311932375555507457e-01
2.012451836818263118e-01
5.588489216031602425e-01
9.647153762744581584e+00
2.038709922758045745e-01
5.746381530650462865e-02
-4.705830657165313013e+00
-3.234143956821711186e+01
-2.634958134054543599e+00
0.000000000000000000e+00
0.000000000000000000e+00
0.000000000000000000e+00
0.000000000000000000e+00
1.000000000000000000e+00
1.000000000000000000e+00
1.000000000000000000e+00
1.000000000000000000e+00
1.000000000000000000e+00
1.000000000000000000e+00
1.000000000000000000e+00
