3.083395789430168343e-01
-2.208345478447600874e-01
1.256755720527035214e-01
6.312950767858582779e-01
1.987601070921855673e+00
4.230930562094120440e+00
5.624148058885169998e-02
4.908651112297723329e-01
-6.800212644640497572e-01
-2.714309812978399350e-02
-5.901884615996879191e+00
0.000000000000000000e+00
0.000000000000000000e+00
0.000000000000000000e+00
0.000000000000000000e+00
1.000000000000000000e+00
1.000000000000000000e+00
1.000000000000000000e+00
1.000000000000000000e+00
1.000000000000000000e+00
1.000000000000000000e+00
1.000000000000000000e+00
