5.802198227121575791e-02
-3.160934509655802943e-02
2.453480135927722794e-01
1.808149665501637138e-01
2.011780626599646293e-01
3.090429255239013351e+00
1.183601781319233714e-01
1.366124982685831303e-02
-9.940542701262958802e-01
-2.865165518164916847e+01
-1.471386926974761922e+00
-1.009159452668678507e-04
-4.921706466323112770e-06
-1.208452235594136281e-01
-1.096963709644804830e-02
8.685280159552244417e-01
2.270046857511964604e-03
2.042851155865997234e-03
2.463907639197214679e-03
7.884887575017766187e-03
2.472310479135393993e-02
2.059025456021612299e-01
