4.637402693094793693e-01
3.724262944092155969e-01
5.846312725955531420e-01
1.810340347447593867e+00
-7.326697152370420518e-01
1.480081009297836703e+00
4.297670511216034606e-01
2.168504833755768302e-01
-2.038875216527332945e+00
-2.737181513763717433e+01
-6.368453252125764408e+00
0.000000000000000000e+00
0.000000000000000000e+00
0.000000000000000000e+00
0.000000000000000000e+00
1.000000000000000000e+00
1.000000000000000000e+00
1.000000000000000000e+00
1.000000000000000000e+00
1.000000000000000000e+00
1.000000000000000000e+00
1.000000000000000000e+00
