2.044372174404798792e-01
2.293798611320347902e-01
6.720928263707925954e-01
3.579779302138352826e-01
-5.169600830453178197e-01
3.311714442062074770e+00
1.455099945334147327e-01
3.861677967259568023e-01
-3.501458307227062416e+00
-1.270895082495771788e+01
-2.539296078930096456e+00
0.000000000000000000e+00
0.000000000000000000e+00
0.000000000000000000e+00
0.000000000000000000e+00
1.000000000000000000e+00
1.000000000000000000e+00
1.000000000000000000e+00
1.000000000000000000e+00
1.000000000000000000e+00
1.000000000000000000e+00
1.000000000000000000e+00
