5.802198227121572321e-02
-3.160934509655829311e-02
2.453480135927727512e-01
1.808149665501639636e-01
2.011780626599641575e-01
3.090429255239011130e+00
1.183601781319232882e-01
1.366124982685837895e-02
-9.940542701262952141e-01
-2.865165518164921110e+01
-1.471386926974763254e+00
-1.009159452668673221e-04
-4.921706466323078042e-06
-1.208452235594134616e-01
-1.096963709644827555e-02
8.685280159552248858e-01
2.270046857511965038e-03
2.042851155865992897e-03
2.463907639197213378e-03
7.884887575017764452e-03
2.472310479135393646e-02
2.059025456021612022e-01
