5.802198227121572321e-02
-3.160934509655820984e-02
2.453480135927727512e-01
1.808149665501639358e-01
2.011780626599658228e-01
3.090429255239010686e+00
1.183601781319232743e-01
1.366124982685837028e-02
-9.940542701262951031e-01
-2.865165518164922176e+01
-1.471386926974763254e+00
-1.009159452668648691e-04
-4.921706466322729911e-06
-1.208452235594134616e-01
-1.096963709644886188e-02
8.685280159552248858e-01
2.270046857511963303e-03
2.042851155865991163e-03
2.463907639197212510e-03
7.884887575017764452e-03
2.472310479135393646e-02
2.059025456021614242e-01
