4.333185214251989437e-01
-2.368551504025860899e-01
1.314084781734869978e-01
8.318688749537472837e-02
-1.044302661237941798e+00
6.454746004955414840e+00
3.952996760111165964e-01
3.007212190961882081e-01
-2.994203771069884112e+00
-4.402857692058342565e+01
-6.908669474939470589e+00
0.000000000000000000e+00
0.000000000000000000e+00
0.000000000000000000e+00
0.000000000000000000e+00
1.000000000000000000e+00
1.000000000000000000e+00
1.000000000000000000e+00
1.000000000000000000e+00
1.000000000000000000e+00
1.000000000000000000e+00
1.000000000000000000e+00
