3.531081699369740257e-01
7.009854859332242949e-02
9.150086449027574620e-01
1.826925850225351589e+00
-2.323465573662635286e-01
3.996253946540420099e+00
3.677841040973038322e-01
5.737296036292677259e-02
-2.468309336029490542e+00
-1.501756564243613212e+01
-2.218701997170384743e+00
0.000000000000000000e+00
0.000000000000000000e+00
0.000000000000000000e+00
0.000000000000000000e+00
1.000000000000000000e+00
1.000000000000000000e+00
1.000000000000000000e+00
1.000000000000000000e+00
1.000000000000000000e+00
1.000000000000000000e+00
1.000000000000000000e+00
