5.802198227121570934e-02
-3.160934509655802943e-02
2.453480135927727790e-01
1.808149665501636305e-01
2.011780626599649624e-01
3.090429255239013795e+00
1.183601781319233021e-01
1.366124982685846742e-02
-9.940542701262953251e-01
-2.865165518164918268e+01
-1.471386926974762366e+00
-1.009159452668674577e-04
-4.921706466322821391e-06
-1.208452235594134616e-01
-1.096963709644912036e-02
8.685280159552247747e-01
2.270046857511965038e-03
2.042851155865992897e-03
2.463907639197214245e-03
7.884887575017767922e-03
2.472310479135394340e-02
2.059025456021612854e-01
