2.079120782112799937e-01
4.123846642165852616e-01
3.362682819985286509e-01
2.742836427162642643e-01
-5.416490455244833413e-01
5.964658161853004792e+00
7.644694583608435678e-02
9.931400218338515273e-02
-2.687924816489966506e+00
-4.559164053436894903e+00
-8.754373510010603709e+00
0.000000000000000000e+00
0.000000000000000000e+00
0.000000000000000000e+00
0.000000000000000000e+00
1.000000000000000000e+00
1.000000000000000000e+00
1.000000000000000000e+00
1.000000000000000000e+00
1.000000000000000000e+00
1.000000000000000000e+00
1.000000000000000000e+00
