5.802198227121582036e-02
-3.160934509655816821e-02
2.453480135927717798e-01
1.808149665501647130e-01
2.011780626599654065e-01
3.090429255239003137e+00
1.183601781319232049e-01
1.366124982685862528e-02
-9.940542701262944369e-01
-2.865165518164926439e+01
-1.471386926974763032e+00
-1.009159452668649776e-04
-4.921706466322860354e-06
-1.208452235594133645e-01
-1.096963709644885668e-02
8.685280159552253298e-01
2.270046857511962869e-03
2.042851155865999403e-03
2.463907639197214679e-03
7.884887575017766187e-03
2.472310479135393993e-02
2.059025456021617295e-01
