3.283922747173784185e-01
-1.149581046957015573e-01
7.794657879159383462e-02
1.171799141944426248e+00
-5.702306662140488314e-02
7.572867318212383125e+00
3.242380019207375952e-01
4.755816528965678414e-01
-2.849133991448387082e+00
-4.747476177964727384e+01
-6.734741964637450451e+00
0.000000000000000000e+00
0.000000000000000000e+00
0.000000000000000000e+00
0.000000000000000000e+00
1.000000000000000000e+00
1.000000000000000000e+00
1.000000000000000000e+00
1.000000000000000000e+00
1.000000000000000000e+00
1.000000000000000000e+00
1.000000000000000000e+00
