5.802198227121573709e-02
-3.160934509655809882e-02
2.453480135927725014e-01
1.808149665501636860e-01
2.011780626599653232e-01
3.090429255239013351e+00
1.183601781319233298e-01
1.366124982685839456e-02
-9.940542701262955472e-01
-2.865165518164920400e+01
-1.471386926974763032e+00
-1.009159452668694905e-04
-4.921706466323504947e-06
-1.208452235594136281e-01
-1.096963709644875433e-02
8.685280159552245527e-01
2.270046857511965038e-03
2.042851155865986826e-03
2.463907639197212944e-03
7.884887575017766187e-03
2.472310479135393299e-02
2.059025456021612299e-01
