1.569429176159057859e-01
2.693715522071277180e-01
3.031546269131786264e-01
3.687809352257076512e-02
-1.100811929510597587e+00
3.340252750631806933e+00
2.879495296514158476e-01
2.463135891948454725e-01
-4.286708235254163668e+00
-3.842218466168107227e+01
-4.024083639508901911e-03
0.000000000000000000e+00
0.000000000000000000e+00
0.000000000000000000e+00
0.000000000000000000e+00
1.000000000000000000e+00
1.000000000000000000e+00
1.000000000000000000e+00
1.000000000000000000e+00
1.000000000000000000e+00
1.000000000000000000e+00
1.000000000000000000e+00
