5.802198227121577179e-02
-3.160934509655814045e-02
2.453480135927721684e-01
1.808149665501638803e-01
2.011780626599647126e-01
3.090429255239011574e+00
1.183601781319232882e-01
1.366124982685850385e-02
-9.940542701262951031e-01
-2.865165518164921465e+01
-1.471386926974762810e+00
-1.009159452668662786e-04
-4.921706466323267777e-06
-1.208452235594135449e-01
-1.096963709644871096e-02
8.685280159552248858e-01
2.270046857511964604e-03
2.042851155865990295e-03
2.463907639197214245e-03
7.884887575017766187e-03
2.472310479135393993e-02
2.059025456021613409e-01
