4.350620683136059430e-01
8.227692867255975706e-02
2.788389407010690713e-01
3.718224641803584696e-01
-3.555994882995472395e-01
1.173755471347155410e+00
3.424843721870675095e-01
2.188055298298252072e-01
-1.662624048968178947e+00
-3.164598391903380303e+01
-5.976342711857971501e+00
0.000000000000000000e+00
0.000000000000000000e+00
0.000000000000000000e+00
0.000000000000000000e+00
1.000000000000000000e+00
1.000000000000000000e+00
1.000000000000000000e+00
1.000000000000000000e+00
1.000000000000000000e+00
1.000000000000000000e+00
1.000000000000000000e+00
