5.802198227121580648e-02
-3.160934509655798780e-02
2.453480135927718353e-01
1.808149665501638803e-01
2.011780626599632416e-01
3.090429255239012019e+00
1.183601781319233576e-01
1.366124982685852640e-02
-9.940542701262958802e-01
-2.865165518164916847e+01
-1.471386926974761478e+00
-1.009159452668634597e-04
-4.921706466323249143e-06
-1.208452235594134339e-01
-1.096963709644991486e-02
8.685280159552245527e-01
2.270046857511965038e-03
2.042851155865996367e-03
2.463907639197214245e-03
7.884887575017764452e-03
2.472310479135393299e-02
2.059025456021613132e-01
