2.546749985281289708e-01
3.115824192865934705e-02
8.035998110668296501e-02
1.318501486274296530e+00
1.515806692599355632e+00
6.268194245231920370e+00
4.609666886178764855e-01
1.248433203379811229e-01
-1.552137777012247088e+00
-6.783236339467954679e+00
-1.831904587589665567e+00
0.000000000000000000e+00
0.000000000000000000e+00
0.000000000000000000e+00
0.000000000000000000e+00
1.000000000000000000e+00
1.000000000000000000e+00
1.000000000000000000e+00
1.000000000000000000e+00
1.000000000000000000e+00
1.000000000000000000e+00
1.000000000000000000e+00
