3.093434559572582065e-01
-1.074129317884477963e-01
1.832243835187306047e-01
1.819834569526561641e+00
2.438009470931508105e-01
5.599875899257259704e+00
2.208111925533253195e-01
3.480567232423038559e-01
-7.876465876848079972e-01
-4.358559181236253721e+01
-7.791672158082577404e+00
0.000000000000000000e+00
0.000000000000000000e+00
0.000000000000000000e+00
0.000000000000000000e+00
1.000000000000000000e+00
1.000000000000000000e+00
1.000000000000000000e+00
1.000000000000000000e+00
1.000000000000000000e+00
1.000000000000000000e+00
1.000000000000000000e+00
