5.802198227121578566e-02
-3.160934509655809188e-02
2.453480135927720573e-01
1.808149665501637693e-01
2.011780626599654898e-01
3.090429255239012463e+00
1.183601781319233159e-01
1.366124982685842232e-02
-9.940542701262954361e-01
-2.865165518164920044e+01
-1.471386926974762588e+00
-1.009159452668661295e-04
-4.921706466322083625e-06
-1.208452235594134616e-01
-1.096963709644895903e-02
8.685280159552248858e-01
2.270046857511964170e-03
2.042851155865995933e-03
2.463907639197214245e-03
7.884887575017767922e-03
2.472310479135393299e-02
2.059025456021611189e-01
