3.413910060583780215e-01
3.033108674180206021e-01
5.627513121462424106e-02
1.976954731048190972e+00
-1.189911084915920902e+00
1.110687214075117835e+00
1.664768976569624970e-01
3.713046211549986264e-01
-2.555729733354695110e+00
-4.350565317124871711e+01
-7.700354764218610093e+00
0.000000000000000000e+00
0.000000000000000000e+00
0.000000000000000000e+00
0.000000000000000000e+00
1.000000000000000000e+00
1.000000000000000000e+00
1.000000000000000000e+00
1.000000000000000000e+00
1.000000000000000000e+00
1.000000000000000000e+00
1.000000000000000000e+00
