5.802198227121569546e-02
-3.160934509655805025e-02
2.453480135927730010e-01
1.808149665501634640e-01
2.011780626599655730e-01
3.090429255239015571e+00
1.183601781319233576e-01
1.366124982685842058e-02
-9.940542701262957692e-01
-2.865165518164915426e+01
-1.471386926974761922e+00
-1.009159452668674170e-04
-4.921706466322823085e-06
-1.208452235594134477e-01
-1.096963709644782452e-02
8.685280159552247747e-01
2.270046857511965471e-03
2.042851155865994198e-03
2.463907639197214245e-03
7.884887575017766187e-03
2.472310479135395381e-02
2.059025456021611467e-01
