2.126048942074404979e-01
3.539389900183766979e-01
8.359336211115020454e-02
3.171333288520661320e-01
1.013816972898125002e+00
2.558154719393201937e+00
3.590584560984873552e-01
1.327490413358078936e-01
-2.515536252647963433e+00
-1.173518638939574998e+01
-8.894994548201207607e+00
0.000000000000000000e+00
0.000000000000000000e+00
0.000000000000000000e+00
0.000000000000000000e+00
1.000000000000000000e+00
1.000000000000000000e+00
1.000000000000000000e+00
1.000000000000000000e+00
1.000000000000000000e+00
1.000000000000000000e+00
1.000000000000000000e+00
