5.802198227121580648e-02
-3.160934509655815433e-02
2.453480135927718631e-01
1.808149665501637138e-01
2.011780626599645183e-01
3.090429255239013795e+00
1.183601781319233298e-01
1.366124982685842926e-02
-9.940542701262956582e-01
-2.865165518164920044e+01
-1.471386926974763032e+00
-1.009159452668677558e-04
-4.921706466323657412e-06
-1.208452235594135449e-01
-1.096963709644941179e-02
8.685280159552247747e-01
2.270046857511965038e-03
2.042851155865991596e-03
2.463907639197212510e-03
7.884887575017760983e-03
2.472310479135391564e-02
2.059025456021612022e-01
