5.802198227121573015e-02
-3.160934509655805719e-02
2.453480135927726125e-01
1.808149665501638526e-01
2.011780626599646848e-01
3.090429255239012019e+00
1.183601781319233021e-01
1.366124982685857324e-02
-9.940542701262953251e-01
-2.865165518164919334e+01
-1.471386926974762366e+00
-1.009159452668689891e-04
-4.921706466323142416e-06
-1.208452235594134061e-01
-1.096963709644916719e-02
8.685280159552251078e-01
2.270046857511964604e-03
2.042851155865990729e-03
2.463907639197213378e-03
7.884887575017762718e-03
2.472310479135395034e-02
2.059025456021612577e-01
