2.260451998350926917e-01
3.877856796428951203e-01
7.085027332016164969e-01
1.136244089185490580e+00
1.602931543581886942e+00
3.076299846412932304e+00
2.332821438880506859e-01
3.679407312723775303e-01
-3.975975961480024967e+00
-2.610373845692682337e+01
-3.447158987479088665e-01
0.000000000000000000e+00
0.000000000000000000e+00
0.000000000000000000e+00
0.000000000000000000e+00
1.000000000000000000e+00
1.000000000000000000e+00
1.000000000000000000e+00
1.000000000000000000e+00
1.000000000000000000e+00
1.000000000000000000e+00
1.000000000000000000e+00
