5.802198227121575097e-02
-3.160934509655804331e-02
2.453480135927724459e-01
1.808149665501636860e-01
2.011780626599654065e-01
3.090429255239013351e+00
1.183601781319233021e-01
1.366124982685833211e-02
-9.940542701262952141e-01
-2.865165518164920755e+01
-1.471386926974762588e+00
-1.009159452668678913e-04
-4.921706466322686713e-06
-1.208452235594134477e-01
-1.096963709644773952e-02
8.685280159552248858e-01
2.270046857511963303e-03
2.042851155865990729e-03
2.463907639197213378e-03
7.884887575017766187e-03
2.472310479135392258e-02
2.059025456021611744e-01
