5.802198227121575097e-02
-3.160934509655798086e-02
2.453480135927723904e-01
1.808149665501638803e-01
2.011780626599661004e-01
3.090429255239010686e+00
1.183601781319233159e-01
1.366124982685840150e-02
-9.940542701262953251e-01
-2.865165518164918623e+01
-1.471386926974762366e+00
-1.009159452668625110e-04
-4.921706466322553729e-06
-1.208452235594133783e-01
-1.096963709644873698e-02
8.685280159552251078e-01
2.270046857511964170e-03
2.042851155865995933e-03
2.463907639197214245e-03
7.884887575017764452e-03
2.472310479135393993e-02
2.059025456021612854e-01
