5.802198227121565383e-02
-3.160934509655820984e-02
2.453480135927734174e-01
1.808149665501642411e-01
2.011780626599634358e-01
3.090429255239008910e+00
1.183601781319232465e-01
1.366124982685887335e-02
-9.940542701262949921e-01
-2.865165518164925373e+01
-1.471386926974764586e+00
-1.009159452668658043e-04
-4.921706466323241519e-06
-1.208452235594134200e-01
-1.096963709644912209e-02
8.685280159552251078e-01
2.270046857511964170e-03
2.042851155865990729e-03
2.463907639197213811e-03
7.884887575017767922e-03
2.472310479135396769e-02
2.059025456021612854e-01
