5.802198227121571628e-02
-3.160934509655816821e-02
2.453480135927727790e-01
1.808149665501638248e-01
2.011780626599646293e-01
3.090429255239012463e+00
1.183601781319232882e-01
1.366124982685861487e-02
-9.940542701262952141e-01
-2.865165518164921465e+01
-1.471386926974763476e+00
-1.009159452668693415e-04
-4.921706466323280483e-06
-1.208452235594135171e-01
-1.096963709644872831e-02
8.685280159552248858e-01
2.270046857511964604e-03
2.042851155865988561e-03
2.463907639197212510e-03
7.884887575017767922e-03
2.472310479135395034e-02
2.059025456021612299e-01
