7.448916671913041743e-02
1.952221038096837447e-01
9.783896632481361433e-01
3.760599844674812342e-01
5.468301318071806527e-01
6.588256461228488625e+00
7.472180678872841764e-03
4.555682815506223449e-03
-5.800409531538877062e-01
-3.601230838329519912e+01
-6.230362202109710701e+00
0.000000000000000000e+00
0.000000000000000000e+00
0.000000000000000000e+00
0.000000000000000000e+00
1.000000000000000000e+00
1.000000000000000000e+00
1.000000000000000000e+00
1.000000000000000000e+00
1.000000000000000000e+00
1.000000000000000000e+00
1.000000000000000000e+00
