5.802198227121578566e-02
-3.160934509655807800e-02
2.453480135927721129e-01
1.808149665501641024e-01
2.011780626599655453e-01
3.090429255239009354e+00
1.183601781319232743e-01
1.366124982685861314e-02
-9.940542701262951031e-01
-2.865165518164923597e+01
-1.471386926974763476e+00
-1.009159452668672137e-04
-4.921706466322961151e-06
-1.208452235594134477e-01
-1.096963709644908566e-02
8.685280159552251078e-01
2.270046857511963737e-03
2.042851155865987259e-03
2.463907639197212510e-03
7.884887575017760983e-03
2.472310479135391564e-02
2.059025456021613687e-01
