5.802198227121569546e-02
-3.160934509655851515e-02
2.453480135927731121e-01
1.808149665501639358e-01
2.011780626599653232e-01
3.090429255239010686e+00
1.183601781319233021e-01
1.366124982685842405e-02
-9.940542701262953251e-01
-2.865165518164922531e+01
-1.471386926974764364e+00
-1.009159452668674170e-04
-4.921706466323325376e-06
-1.208452235594134894e-01
-1.096963709644942220e-02
8.685280159552253298e-01
2.270046857511964604e-03
2.042851155865997668e-03
2.463907639197212510e-03
7.884887575017766187e-03
2.472310479135393646e-02
2.059025456021612299e-01
