5.802198227121573709e-02
-3.160934509655810576e-02
2.453480135927725847e-01
1.808149665501642134e-01
2.011780626599651289e-01
3.090429255239008022e+00
1.183601781319233021e-01
1.366124982685856803e-02
-9.940542701262954361e-01
-2.865165518164923242e+01
-1.471386926974763698e+00
-1.009159452668641237e-04
-4.921706466323337234e-06
-1.208452235594133922e-01
-1.096963709644865892e-02
8.685280159552253298e-01
2.270046857511964604e-03
2.042851155865992030e-03
2.463907639197214245e-03
7.884887575017762718e-03
2.472310479135393993e-02
2.059025456021612854e-01
