5.802198227121578566e-02
-3.160934509655805719e-02
2.453480135927721129e-01
1.808149665501633530e-01
2.011780626599655453e-01
3.090429255239016459e+00
1.183601781319233853e-01
1.366124982685818466e-02
-9.940542701262959913e-01
-2.865165518164916847e+01
-1.471386926974761922e+00
-1.009159452668686503e-04
-4.921706466323313517e-06
-1.208452235594134616e-01
-1.096963709644937709e-02
8.685280159552248858e-01
2.270046857511964604e-03
2.042851155865985958e-03
2.463907639197212510e-03
7.884887575017764452e-03
2.472310479135391564e-02
2.059025456021610356e-01
