5.402751916452540326e-02
-3.042544983739340486e-02
2.824045262550335389e-01
2.195461337840335370e-01
1.413284784218913348e-01
2.740854038988351338e+00
-2.955261544896515269e-01
-1.149445839884573051e+00
3.857134828592158282e+00
4.773843368495028017e+02
9.632186982376804707e+00
-9.046595647841228303e-05
-5.086470485714217571e-05
-1.226426388301970066e-01
-1.080189987898715065e-02
8.229228569776003699e-01
3.380047500689104499e-03
3.375852649704203564e-03
6.332209878491720442e-03
2.540525103400751578e-02
4.189075095472099414e-02
3.138884695405537162e-01
