5.802198227121573709e-02
-3.160934509655809882e-02
2.453480135927725292e-01
1.808149665501640468e-01
2.011780626599651012e-01
3.090429255239009798e+00
1.183601781319232604e-01
1.366124982685851252e-02
-9.940542701262948810e-01
-2.865165518164924663e+01
-1.471386926974763476e+00
-1.009159452668691788e-04
-4.921706466323230508e-06
-1.208452235594134616e-01
-1.096963709644888617e-02
8.685280159552247747e-01
2.270046857511963303e-03
2.042851155865987693e-03
2.463907639197213811e-03
7.884887575017766187e-03
2.472310479135393646e-02
2.059025456021613409e-01
