2.778665064166832566e-01
-2.634275887529982096e-01
2.624148288612671021e-01
1.981869350279118924e+00
-1.158408090376940702e+00
5.416623059107958049e+00
3.082609232623234052e-01
3.234039184506307674e-01
-4.857506913994773967e+00
-4.982056285702011422e+01
-7.003234274174060303e+00
0.000000000000000000e+00
0.000000000000000000e+00
0.000000000000000000e+00
0.000000000000000000e+00
1.000000000000000000e+00
1.000000000000000000e+00
1.000000000000000000e+00
1.000000000000000000e+00
1.000000000000000000e+00
1.000000000000000000e+00
1.000000000000000000e+00
