5.802198227121579260e-02
-3.160934509655815433e-02
2.453480135927721129e-01
1.808149665501640746e-01
2.011780626599650734e-01
3.090429255239009354e+00
1.183601781319233437e-01
1.366124982685842579e-02
-9.940542701262956582e-01
-2.865165518164920400e+01
-1.471386926974762810e+00
-1.009159452668647878e-04
-4.921706466322978092e-06
-1.208452235594133645e-01
-1.096963709644822524e-02
8.685280159552254409e-01
2.270046857511964604e-03
2.042851155865995933e-03
2.463907639197214679e-03
7.884887575017766187e-03
2.472310479135394340e-02
2.059025456021614242e-01
