3.551345621194234581e-01
-2.137477592219256817e-01
2.664447827443253702e-01
1.273337660448703224e+00
6.923190185504632943e-01
3.586799740033933759e+00
9.938949774658811798e-04
4.046660743457595188e-01
6.967346985003182169e-01
-2.317942613652235195e-01
-6.597307755381197403e+00
0.000000000000000000e+00
0.000000000000000000e+00
0.000000000000000000e+00
0.000000000000000000e+00
1.000000000000000000e+00
1.000000000000000000e+00
1.000000000000000000e+00
1.000000000000000000e+00
1.000000000000000000e+00
1.000000000000000000e+00
1.000000000000000000e+00
