5.802198227121577179e-02
-3.160934509655802943e-02
2.453480135927721684e-01
1.808149665501637415e-01
2.011780626599638244e-01
3.090429255239013795e+00
1.183601781319233298e-01
1.366124982685847436e-02
-9.940542701262956582e-01
-2.865165518164920400e+01
-1.471386926974763032e+00
-1.009159452668693008e-04
-4.921706466323129711e-06
-1.208452235594134894e-01
-1.096963709644780717e-02
8.685280159552247747e-01
2.270046857511965471e-03
2.042851155865983356e-03
2.463907639197213811e-03
7.884887575017766187e-03
2.472310479135393299e-02
2.059025456021611467e-01
