5.802198227121581342e-02
-3.160934509655818209e-02
2.453480135927718353e-01
1.808149665501639358e-01
2.011780626599648514e-01
3.090429255239011130e+00
1.183601781319233714e-01
1.366124982685835640e-02
-9.940542701262958802e-01
-2.865165518164921110e+01
-1.471386926974763254e+00
-1.009159452668673628e-04
-4.921706466323194932e-06
-1.208452235594135171e-01
-1.096963709644855484e-02
8.685280159552247747e-01
2.270046857511965038e-03
2.042851155865992030e-03
2.463907639197214245e-03
7.884887575017762718e-03
2.472310479135392605e-02
2.059025456021612577e-01
