5.802198227121571628e-02
-3.160934509655805719e-02
2.453480135927728345e-01
1.808149665501634640e-01
2.011780626599655453e-01
3.090429255239015571e+00
1.183601781319233437e-01
1.366124982685837722e-02
-9.940542701262956582e-01
-2.865165518164917557e+01
-1.471386926974762144e+00
-1.009159452668698971e-04
-4.921706466322847649e-06
-1.208452235594133645e-01
-1.096963709644788697e-02
8.685280159552251078e-01
2.270046857511965471e-03
2.042851155865995933e-03
2.463907639197213811e-03
7.884887575017764452e-03
2.472310479135394687e-02
2.059025456021611744e-01
