2.542881868606539086e-02
-2.329913927122861939e-02
3.116421576996546428e-01
1.803269592362732654e+00
-1.989403478096685163e-02
4.982347795734130003e+00
4.559223558776823726e-01
4.783623272129093884e-01
-2.929604232978876510e+00
-2.988122383406555116e+00
-7.633203961415661709e+00
0.000000000000000000e+00
0.000000000000000000e+00
0.000000000000000000e+00
0.000000000000000000e+00
1.000000000000000000e+00
1.000000000000000000e+00
1.000000000000000000e+00
1.000000000000000000e+00
1.000000000000000000e+00
1.000000000000000000e+00
1.000000000000000000e+00
