5.802198227121570934e-02
-3.160934509655800168e-02
2.453480135927728623e-01
1.808149665501636860e-01
2.011780626599645461e-01
3.090429255239013795e+00
1.183601781319233021e-01
1.366124982685864957e-02
-9.940542701262954361e-01
-2.865165518164919334e+01
-1.471386926974763032e+00
-1.009159452668671053e-04
-4.921706466322360605e-06
-1.208452235594133922e-01
-1.096963709644910474e-02
8.685280159552248858e-01
2.270046857511966772e-03
2.042851155865992897e-03
2.463907639197214679e-03
7.884887575017766187e-03
2.472310479135395034e-02
2.059025456021610911e-01
