1.318242261346455613e-01
-9.624909112928992094e-02
7.763612039456960767e-01
8.254815682698259938e-01
-1.048376229096103174e+00
8.494328717179417509e+00
4.478961441011081179e-02
4.120390558923771041e-01
-9.007975153638874133e-01
-2.218666956551059144e+01
-6.221062137668182501e+00
0.000000000000000000e+00
0.000000000000000000e+00
0.000000000000000000e+00
0.000000000000000000e+00
1.000000000000000000e+00
1.000000000000000000e+00
1.000000000000000000e+00
1.000000000000000000e+00
1.000000000000000000e+00
1.000000000000000000e+00
1.000000000000000000e+00
