2.477261862573185702e-01
3.770629115346760818e-01
6.401541510115998923e-01
1.091021247111942705e+00
-7.271900112408884453e-01
5.063377389955102892e+00
4.444250454920434246e-01
3.888959979921295385e-01
-8.989410075337369577e-01
-4.477757452937062510e+00
-2.949829633791693162e+00
0.000000000000000000e+00
0.000000000000000000e+00
0.000000000000000000e+00
0.000000000000000000e+00
1.000000000000000000e+00
1.000000000000000000e+00
1.000000000000000000e+00
1.000000000000000000e+00
1.000000000000000000e+00
1.000000000000000000e+00
1.000000000000000000e+00
