2.272198323406691700e-01
-4.121039903172858399e-01
1.229639811692434526e-01
5.931209969714525965e-01
5.985621999929566783e-01
5.782379849737599109e+00
1.715035471431476943e-01
1.455689472135094364e-01
-3.677408195571798544e-01
-3.821754227864686015e+01
-5.450791687802235330e+00
0.000000000000000000e+00
0.000000000000000000e+00
0.000000000000000000e+00
0.000000000000000000e+00
1.000000000000000000e+00
1.000000000000000000e+00
1.000000000000000000e+00
1.000000000000000000e+00
1.000000000000000000e+00
1.000000000000000000e+00
1.000000000000000000e+00
