5.802198227121566770e-02
-3.160934509655824454e-02
2.453480135927733341e-01
1.808149665501643244e-01
2.011780626599651844e-01
3.090429255239007134e+00
1.183601781319232188e-01
1.366124982685867038e-02
-9.940542701262947700e-01
-2.865165518164926084e+01
-1.471386926974765030e+00
-1.009159452668653841e-04
-4.921706466322624032e-06
-1.208452235594133783e-01
-1.096963709644971190e-02
8.685280159552251078e-01
2.270046857511964604e-03
2.042851155865996367e-03
2.463907639197213811e-03
7.884887575017766187e-03
2.472310479135394340e-02
2.059025456021612854e-01
