3.571769927074145978e-01
-2.440333953305654502e-01
9.933092942979739881e-01
8.013836702879948426e-01
8.336474124597108570e-01
6.227967872395709925e+00
1.081308418676418803e-02
3.855455708491645206e-02
-1.353864040489564324e+00
-4.742548361051767358e+01
-8.668194187665264394e+00
0.000000000000000000e+00
0.000000000000000000e+00
0.000000000000000000e+00
0.000000000000000000e+00
1.000000000000000000e+00
1.000000000000000000e+00
1.000000000000000000e+00
1.000000000000000000e+00
1.000000000000000000e+00
1.000000000000000000e+00
1.000000000000000000e+00
