5.802198227121576485e-02
-3.160934509655814739e-02
2.453480135927722516e-01
1.808149665501641856e-01
2.011780626599649624e-01
3.090429255239008910e+00
1.183601781319232743e-01
1.366124982685858365e-02
-9.940542701262951031e-01
-2.865165518164926084e+01
-1.471386926974764142e+00
-1.009159452668658043e-04
-4.921706466322943364e-06
-1.208452235594135310e-01
-1.096963709644821830e-02
8.685280159552248858e-01
2.270046857511964170e-03
2.042851155865986826e-03
2.463907639197213811e-03
7.884887575017764452e-03
2.472310479135393646e-02
2.059025456021615075e-01
