4.076927256502269614e-01
2.883669558286482415e-01
8.824501463726591721e-01
1.419209071054875260e+00
-1.848857634257071059e+00
8.686841839178216063e+00
3.664153226185259404e-01
4.581333417606153757e-01
7.762524250070148568e-01
-3.722201414116241835e+00
-6.148327708477165032e+00
0.000000000000000000e+00
0.000000000000000000e+00
0.000000000000000000e+00
0.000000000000000000e+00
1.000000000000000000e+00
1.000000000000000000e+00
1.000000000000000000e+00
1.000000000000000000e+00
1.000000000000000000e+00
1.000000000000000000e+00
1.000000000000000000e+00
