4.775927658551626376e-01
4.344881202729174996e-01
9.448744187940494310e-02
6.604322339716495183e-01
-1.707036426181578470e-01
5.820495398583924729e-01
4.331311472624079228e-01
3.446292283386562794e-01
-1.998351815894623407e+00
-2.709247343233671756e+01
-3.095480638029279419e+00
0.000000000000000000e+00
0.000000000000000000e+00
0.000000000000000000e+00
0.000000000000000000e+00
1.000000000000000000e+00
1.000000000000000000e+00
1.000000000000000000e+00
1.000000000000000000e+00
1.000000000000000000e+00
1.000000000000000000e+00
1.000000000000000000e+00
