5.802198227121570240e-02
-3.160934509655818903e-02
2.453480135927729455e-01
1.808149665501637415e-01
2.011780626599652122e-01
3.090429255239012907e+00
1.183601781319233021e-01
1.366124982685861661e-02
-9.940542701262954361e-01
-2.865165518164920400e+01
-1.471386926974763254e+00
-1.009159452668667800e-04
-4.921706466323357563e-06
-1.208452235594134616e-01
-1.096963709644853228e-02
8.685280159552251078e-01
2.270046857511967206e-03
2.042851155865992464e-03
2.463907639197214679e-03
7.884887575017766187e-03
2.472310479135395381e-02
2.059025456021611189e-01
