5.802198227121557056e-02
-3.160934509655848740e-02
2.453480135927741945e-01
1.808149665501636860e-01
2.011780626599622146e-01
3.090429255239015127e+00
1.183601781319232743e-01
1.366124982685859753e-02
-9.940542701262952141e-01
-2.865165518164918268e+01
-1.471386926974763476e+00
-1.009159452668729871e-04
-4.921706466323436337e-06
-1.208452235594137669e-01
-1.096963709644867280e-02
8.685280159552245527e-01
2.270046857511965038e-03
2.042851155865986392e-03
2.463907639197211209e-03
7.884887575017764452e-03
2.472310479135397115e-02
2.059025456021610356e-01
