5.802198227121579954e-02
-3.160934509655794616e-02
2.453480135927719186e-01
1.808149665501641024e-01
2.011780626599655453e-01
3.090429255239008910e+00
1.183601781319232604e-01
1.366124982685857150e-02
-9.940542701262948810e-01
-2.865165518164923242e+01
-1.471386926974762810e+00
-1.009159452668661295e-04
-4.921706466322585069e-06
-1.208452235594134200e-01
-1.096963709644891566e-02
8.685280159552247747e-01
2.270046857511963303e-03
2.042851155865992897e-03
2.463907639197214679e-03
7.884887575017766187e-03
2.472310479135392605e-02
2.059025456021613409e-01
