0.000000000000000000e+00
-3.861141041287231672e-03
7.940224882130612061e-01
4.980325701762992274e+00
6.281755897486498430e-01
-4.335091119150662564e+01
2.190274366786362226e+00
6.925050959679621698e-01
-2.115201112600233913e+01
-2.211795235346704089e+02
2.071080980361527657e-01
-1.892092104770529658e-05
1.697318702160151855e-05
-1.152040088676871965e-01
-2.439666198487244406e-02
6.877057450913454106e-01
8.805154067440512308e-03
5.764530896579127262e-03
7.833886771534749258e-03
1.875197196638558536e-02
4.727820667587793318e-02
2.681876261666540917e-01
