4.056202637562338897e-01
-1.631279740759629115e-01
2.048360251951191202e-01
3.436982546995799304e-01
7.944506159506481424e-02
5.421013531996958790e+00
3.974870063211529692e-01
2.910311323521916904e-01
4.923737566905721508e-01
-3.460709728516691541e+01
-5.604339588486844548e+00
0.000000000000000000e+00
0.000000000000000000e+00
0.000000000000000000e+00
0.000000000000000000e+00
1.000000000000000000e+00
1.000000000000000000e+00
1.000000000000000000e+00
1.000000000000000000e+00
1.000000000000000000e+00
1.000000000000000000e+00
1.000000000000000000e+00
