2.409061375011883888e-02
1.809630138677178479e-01
7.986960679038017652e-01
1.600217183315765013e+00
1.861189000625041778e+00
4.440198242192892941e+00
4.156174382804240786e-01
1.232838174386063912e-01
-4.698332731340455481e+00
-2.562841086254565326e+01
-3.497622463715669205e+00
0.000000000000000000e+00
0.000000000000000000e+00
0.000000000000000000e+00
0.000000000000000000e+00
1.000000000000000000e+00
1.000000000000000000e+00
1.000000000000000000e+00
1.000000000000000000e+00
1.000000000000000000e+00
1.000000000000000000e+00
1.000000000000000000e+00
