1.013034768144452369e-01
-2.929068959390268567e-01
1.526377433002459316e-01
1.509185623051045866e+00
-1.090292937055511668e+00
6.640819640344284736e+00
2.946089124002047033e-01
2.108236103950120732e-01
1.361432565311258003e-01
-2.566236509354564532e+01
-7.496483629848214036e+00
0.000000000000000000e+00
0.000000000000000000e+00
0.000000000000000000e+00
0.000000000000000000e+00
1.000000000000000000e+00
1.000000000000000000e+00
1.000000000000000000e+00
1.000000000000000000e+00
1.000000000000000000e+00
1.000000000000000000e+00
1.000000000000000000e+00
