5.802198227121577873e-02
-3.160934509655803637e-02
2.453480135927721129e-01
1.808149665501639913e-01
2.011780626599647126e-01
3.090429255239010686e+00
1.183601781319232604e-01
1.366124982685856110e-02
-9.940542701262948810e-01
-2.865165518164922887e+01
-1.471386926974763254e+00
-1.009159452668691788e-04
-4.921706466322721441e-06
-1.208452235594134894e-01
-1.096963709644791472e-02
8.685280159552248858e-01
2.270046857511963737e-03
2.042851155865988561e-03
2.463907639197212944e-03
7.884887575017764452e-03
2.472310479135391911e-02
2.059025456021613409e-01
