1.583590185016520713e-01
6.212966659573604389e-03
3.796539927284225957e-01
8.722925577317595103e-01
9.900978288893544921e-01
4.416144278729251305e+00
1.671073217325880211e-02
1.630678935874981805e-01
-1.602518539671653031e+00
-2.290438121872264077e+01
-7.353836781915777721e+00
0.000000000000000000e+00
0.000000000000000000e+00
0.000000000000000000e+00
0.000000000000000000e+00
1.000000000000000000e+00
1.000000000000000000e+00
1.000000000000000000e+00
1.000000000000000000e+00
1.000000000000000000e+00
1.000000000000000000e+00
1.000000000000000000e+00
