5.802198227121568158e-02
-3.160934509655809188e-02
2.453480135927730843e-01
1.808149665501634917e-01
2.011780626599637689e-01
3.090429255239016015e+00
1.183601781319233159e-01
1.366124982685833558e-02
-9.940542701262953251e-01
-2.865165518164917557e+01
-1.471386926974762366e+00
-1.009159452668710626e-04
-4.921706466322974704e-06
-1.208452235594136004e-01
-1.096963709644795462e-02
8.685280159552245527e-01
2.270046857511964604e-03
2.042851155865985958e-03
2.463907639197213811e-03
7.884887575017766187e-03
2.472310479135393993e-02
2.059025456021610356e-01
