5.802198227121575791e-02
-3.160934509655814045e-02
2.453480135927723627e-01
1.808149665501637693e-01
2.011780626599651567e-01
3.090429255239012463e+00
1.183601781319233714e-01
1.366124982685831823e-02
-9.940542701262958802e-01
-2.865165518164920755e+01
-1.471386926974763254e+00
-1.009159452668658449e-04
-4.921706466323026373e-06
-1.208452235594135588e-01
-1.096963709644848892e-02
8.685280159552245527e-01
2.270046857511965038e-03
2.042851155865988994e-03
2.463907639197214245e-03
7.884887575017766187e-03
2.472310479135392605e-02
2.059025456021613409e-01
