2.271392402939542698e-02
1.231752495389062396e-01
9.478129846685244830e-01
1.781809607657686145e+00
1.333850609269875420e-01
2.231844030143621538e+00
4.769737823298981216e-01
1.264130039943689998e-01
-9.132734840816860711e-01
-1.854554079702147718e+01
-7.369208369274371506e-01
0.000000000000000000e+00
0.000000000000000000e+00
0.000000000000000000e+00
0.000000000000000000e+00
1.000000000000000000e+00
1.000000000000000000e+00
1.000000000000000000e+00
1.000000000000000000e+00
1.000000000000000000e+00
1.000000000000000000e+00
1.000000000000000000e+00
