5.802198227121580648e-02
-3.160934509655784902e-02
2.453480135927718908e-01
1.808149665501648240e-01
2.011780626599647126e-01
3.090429255239002249e+00
1.183601781319232049e-01
1.366124982685902600e-02
-9.940542701262946590e-01
-2.865165518164927150e+01
-1.471386926974763698e+00
-1.009159452668613048e-04
-4.921706466322867131e-06
-1.208452235594132396e-01
-1.096963709644872310e-02
8.685280159552254409e-01
2.270046857511964170e-03
2.042851155865995499e-03
2.463907639197214679e-03
7.884887575017766187e-03
2.472310479135394687e-02
2.059025456021615907e-01
