1.367062918028217333e-01
-2.375390116638249616e-01
7.431170380357940974e-01
5.035672187503692498e-02
-6.981988120532003350e-01
8.144580957192082415e-01
4.833597186025930803e-01
2.919632963145933902e-01
-4.985573772223240496e+00
-1.351334567845767509e+01
-8.941682520440302540e+00
0.000000000000000000e+00
0.000000000000000000e+00
0.000000000000000000e+00
0.000000000000000000e+00
1.000000000000000000e+00
1.000000000000000000e+00
1.000000000000000000e+00
1.000000000000000000e+00
1.000000000000000000e+00
1.000000000000000000e+00
1.000000000000000000e+00
