1.073896714381939455e-01
-2.273363592530982524e-01
3.573396162853760272e-01
1.237248780912265644e+00
5.653639421543337207e-01
7.140176909747571798e+00
2.901368089170096587e-01
1.669493504398611439e-01
-3.608266697072304297e-01
-1.818162082418444214e+01
-4.945864495606031142e+00
0.000000000000000000e+00
0.000000000000000000e+00
0.000000000000000000e+00
0.000000000000000000e+00
1.000000000000000000e+00
1.000000000000000000e+00
1.000000000000000000e+00
1.000000000000000000e+00
1.000000000000000000e+00
1.000000000000000000e+00
1.000000000000000000e+00
