5.802198227121566076e-02
-3.160934509655812658e-02
2.453480135927733063e-01
1.808149665501638248e-01
2.011780626599635746e-01
3.090429255239012907e+00
1.183601781319233159e-01
1.366124982685871549e-02
-9.940542701262955472e-01
-2.865165518164922176e+01
-1.471386926974763920e+00
-1.009159452668691653e-04
-4.921706466323365186e-06
-1.208452235594135865e-01
-1.096963709644876300e-02
8.685280159552247747e-01
2.270046857511966339e-03
2.042851155865988994e-03
2.463907639197213378e-03
7.884887575017766187e-03
2.472310479135395728e-02
2.059025456021611744e-01
