1.686399993061241109e-01
9.357748357953987739e-02
6.744317177824331599e-01
1.061066765988088134e+00
8.706215317002703458e-01
4.511868843572831800e+00
4.476096756423131318e-01
4.650740566175657897e-01
-4.893574978059316294e-01
-1.420347224439466061e+01
-6.243171773868047225e+00
0.000000000000000000e+00
0.000000000000000000e+00
0.000000000000000000e+00
0.000000000000000000e+00
1.000000000000000000e+00
1.000000000000000000e+00
1.000000000000000000e+00
1.000000000000000000e+00
1.000000000000000000e+00
1.000000000000000000e+00
1.000000000000000000e+00
