5.802198227121570934e-02
-3.160934509655811270e-02
2.453480135927728067e-01
1.808149665501636028e-01
2.011780626599656840e-01
3.090429255239014239e+00
1.183601781319233298e-01
1.366124982685831823e-02
-9.940542701262954361e-01
-2.865165518164917557e+01
-1.471386926974762144e+00
-1.009159452668711982e-04
-4.921706466323333846e-06
-1.208452235594135171e-01
-1.096963709644787135e-02
8.685280159552245527e-01
2.270046857511964170e-03
2.042851155865988127e-03
2.463907639197212944e-03
7.884887575017766187e-03
2.472310479135392952e-02
2.059025456021612577e-01
