1.627224288935874008e-01
3.891490549675494792e-01
4.110593762863293810e-01
3.552696320103865268e-01
-1.034786092395045820e+00
8.993696109072281786e+00
2.778356029462988874e-01
2.120797686182288033e-01
-4.935329312979949812e+00
-1.651398542481004483e+00
-2.285487166006906712e+00
0.000000000000000000e+00
0.000000000000000000e+00
0.000000000000000000e+00
0.000000000000000000e+00
1.000000000000000000e+00
1.000000000000000000e+00
1.000000000000000000e+00
1.000000000000000000e+00
1.000000000000000000e+00
1.000000000000000000e+00
1.000000000000000000e+00
