1.531543168638367924e-01
-4.027380644728981718e-01
6.220272545945938480e-01
1.091205552341947715e+00
4.676721315761898090e-01
3.154121072215054777e-01
4.999785225021752266e-02
1.485898786780105452e-01
-1.164365593715269043e+00
-3.201535456431165017e+01
-2.707236787855617166e+00
0.000000000000000000e+00
0.000000000000000000e+00
0.000000000000000000e+00
0.000000000000000000e+00
1.000000000000000000e+00
1.000000000000000000e+00
1.000000000000000000e+00
1.000000000000000000e+00
1.000000000000000000e+00
1.000000000000000000e+00
1.000000000000000000e+00
