5.802198227121568158e-02
-3.160934509655798086e-02
2.453480135927730565e-01
1.808149665501642134e-01
2.011780626599650179e-01
3.090429255239008466e+00
1.183601781319232743e-01
1.366124982685863222e-02
-9.940542701262951031e-01
-2.865165518164921465e+01
-1.471386926974763254e+00
-1.009159452668679862e-04
-4.921706466322701112e-06
-1.208452235594134477e-01
-1.096963709644862422e-02
8.685280159552247747e-01
2.270046857511965038e-03
2.042851155865994632e-03
2.463907639197214679e-03
7.884887575017766187e-03
2.472310479135397462e-02
2.059025456021614520e-01
