9.761643203639813748e-03
-1.176487611957832691e-01
8.152298358864085159e-02
1.683646049508124687e+00
1.981069400632477606e+00
7.057299682441096067e+00
3.889448479380537838e-01
2.961609305358198219e-01
-1.520653103626413039e+00
-2.386846523241286633e+01
-7.497707239025501735e+00
0.000000000000000000e+00
0.000000000000000000e+00
0.000000000000000000e+00
0.000000000000000000e+00
1.000000000000000000e+00
1.000000000000000000e+00
1.000000000000000000e+00
1.000000000000000000e+00
1.000000000000000000e+00
1.000000000000000000e+00
1.000000000000000000e+00
