5.802198227121573015e-02
-3.160934509655826535e-02
2.453480135927726680e-01
1.808149665501640191e-01
2.011780626599643240e-01
3.090429255239010686e+00
1.183601781319232882e-01
1.366124982685877447e-02
-9.940542701262954361e-01
-2.865165518164924308e+01
-1.471386926974764364e+00
-1.009159452668663735e-04
-4.921706466323238131e-06
-1.208452235594134616e-01
-1.096963709644903015e-02
8.685280159552251078e-01
2.270046857511966339e-03
2.042851155865994632e-03
2.463907639197214679e-03
7.884887575017767922e-03
2.472310479135394340e-02
2.059025456021612299e-01
