5.802198227121566076e-02
-3.160934509655807800e-02
2.453480135927731953e-01
1.808149665501636305e-01
2.011780626599642130e-01
3.090429255239014239e+00
1.183601781319233021e-01
1.366124982685842752e-02
-9.940542701262953251e-01
-2.865165518164918623e+01
-1.471386926974762810e+00
-1.009159452668671053e-04
-4.921706466322447849e-06
-1.208452235594135449e-01
-1.096963709644806911e-02
8.685280159552242196e-01
2.270046857511964604e-03
2.042851155865989428e-03
2.463907639197212944e-03
7.884887575017766187e-03
2.472310479135395381e-02
2.059025456021610911e-01
