5.802198227121571628e-02
-3.160934509655802249e-02
2.453480135927727512e-01
1.808149665501636583e-01
2.011780626599647126e-01
3.090429255239014239e+00
1.183601781319232743e-01
1.366124982685873110e-02
-9.940542701262952141e-01
-2.865165518164920755e+01
-1.471386926974763032e+00
-1.009159452668682031e-04
-4.921706466322715512e-06
-1.208452235594135032e-01
-1.096963709644815932e-02
8.685280159552248858e-01
2.270046857511965471e-03
2.042851155865987693e-03
2.463907639197213378e-03
7.884887575017766187e-03
2.472310479135393993e-02
2.059025456021612022e-01
