5.802198227121567464e-02
-3.160934509655820290e-02
2.453480135927731398e-01
1.808149665501645464e-01
2.011780626599630473e-01
3.090429255239005801e+00
1.183601781319232604e-01
1.366124982685879702e-02
-9.940542701262951031e-01
-2.865165518164927150e+01
-1.471386926974765030e+00
-1.009159452668675796e-04
-4.921706466323278789e-06
-1.208452235594135449e-01
-1.096963709644812462e-02
8.685280159552248858e-01
2.270046857511965038e-03
2.042851155865992464e-03
2.463907639197214245e-03
7.884887575017764452e-03
2.472310479135396075e-02
2.059025456021614520e-01
