6.007212319279525703e-02
1.290493491925780445e-01
3.195305047820237165e-01
1.367600458345695991e+00
1.976456722056396664e-01
9.138104858116181006e+00
1.774810798208485418e-01
2.494340633456987866e-01
-2.128288811828932925e+00
-3.454152952216244188e+01
-8.607326055304172385e+00
0.000000000000000000e+00
0.000000000000000000e+00
0.000000000000000000e+00
0.000000000000000000e+00
1.000000000000000000e+00
1.000000000000000000e+00
1.000000000000000000e+00
1.000000000000000000e+00
1.000000000000000000e+00
1.000000000000000000e+00
1.000000000000000000e+00
