3.856603216333729933e-01
-4.792480506405984997e-01
6.336482349262754221e-01
1.497607765077223707e+00
-5.971950789638302837e-03
2.247966455308476608e+00
9.903143237981198999e-02
3.802653560994793680e-01
-3.985334980624787526e+00
-4.558300929129948997e+01
-3.146401816322027756e+00
0.000000000000000000e+00
0.000000000000000000e+00
0.000000000000000000e+00
0.000000000000000000e+00
1.000000000000000000e+00
1.000000000000000000e+00
1.000000000000000000e+00
1.000000000000000000e+00
1.000000000000000000e+00
1.000000000000000000e+00
1.000000000000000000e+00
