5.802198227121577179e-02
-3.160934509655816821e-02
2.453480135927722794e-01
1.808149665501641301e-01
2.011780626599640465e-01
3.090429255239009354e+00
1.183601781319233021e-01
1.366124982685862528e-02
-9.940542701262953251e-01
-2.865165518164920755e+01
-1.471386926974762810e+00
-1.009159452668678507e-04
-4.921706466323028067e-06
-1.208452235594133645e-01
-1.096963709644781758e-02
8.685280159552253298e-01
2.270046857511963737e-03
2.042851155865999403e-03
2.463907639197213811e-03
7.884887575017766187e-03
2.472310479135394340e-02
2.059025456021614242e-01
