3.783408109420435816e-01
-1.925549042735535954e-01
8.939188951241261449e-01
7.733796073018348594e-01
1.495418438190052601e+00
7.623586392463244099e-01
1.882860968672792068e-01
1.632770190485105521e-01
6.449072129074115978e-01
-2.584390315115531678e+01
-4.445327398132121743e+00
0.000000000000000000e+00
0.000000000000000000e+00
0.000000000000000000e+00
0.000000000000000000e+00
1.000000000000000000e+00
1.000000000000000000e+00
1.000000000000000000e+00
1.000000000000000000e+00
1.000000000000000000e+00
1.000000000000000000e+00
1.000000000000000000e+00
