5.802198227121579954e-02
-3.160934509655805025e-02
2.453480135927719463e-01
1.808149665501639358e-01
2.011780626599642408e-01
3.090429255239011574e+00
1.183601781319232465e-01
1.366124982685870681e-02
-9.940542701262949921e-01
-2.865165518164920400e+01
-1.471386926974762588e+00
-1.009159452668686096e-04
-4.921706466322954375e-06
-1.208452235594133783e-01
-1.096963709644850279e-02
8.685280159552251078e-01
2.270046857511964604e-03
2.042851155865995499e-03
2.463907639197213811e-03
7.884887575017766187e-03
2.472310479135392258e-02
2.059025456021611744e-01
