3.902084294135739762e-01
1.322425147587161787e-01
8.042944153880009495e-01
1.528279212376848939e+00
-6.456991965988105875e-01
7.443380220097729705e+00
4.661566573958667581e-01
4.580690722920960356e-01
-3.939606242198995911e+00
-1.875301796427291734e+01
-6.572228447794543627e-01
0.000000000000000000e+00
0.000000000000000000e+00
0.000000000000000000e+00
0.000000000000000000e+00
1.000000000000000000e+00
1.000000000000000000e+00
1.000000000000000000e+00
1.000000000000000000e+00
1.000000000000000000e+00
1.000000000000000000e+00
1.000000000000000000e+00
