5.802198227121572321e-02
-3.160934509655809188e-02
2.453480135927726680e-01
1.808149665501635472e-01
2.011780626599657118e-01
3.090429255239014683e+00
1.183601781319233576e-01
1.366124982685839456e-02
-9.940542701262958802e-01
-2.865165518164921465e+01
-1.471386926974763476e+00
-1.009159452668677287e-04
-4.921706466323500711e-06
-1.208452235594134755e-01
-1.096963709644790431e-02
8.685280159552247747e-01
2.270046857511965471e-03
2.042851155865988561e-03
2.463907639197213811e-03
7.884887575017766187e-03
2.472310479135393993e-02
2.059025456021611744e-01
