3.663818622421843307e-01
-2.582491721886237546e-02
2.129877040610860250e-01
8.428512777089620656e-01
-6.116246359813732880e-01
7.318693943823628700e+00
3.670487747642640075e-01
5.429450881369013437e-02
-3.789377350956417700e+00
-2.802790040366218705e+00
-7.040197017562245030e+00
0.000000000000000000e+00
0.000000000000000000e+00
0.000000000000000000e+00
0.000000000000000000e+00
1.000000000000000000e+00
1.000000000000000000e+00
1.000000000000000000e+00
1.000000000000000000e+00
1.000000000000000000e+00
1.000000000000000000e+00
1.000000000000000000e+00
