3.015835678270367692e-02
1.398107670108827971e-02
5.775465410549118772e-02
6.717609129298642845e-01
1.126877556805201408e-01
9.415786363553072746e+00
1.218710992073926969e-01
2.995375191972050044e-01
-3.502365290807876619e+00
-1.581091187155286093e+01
-9.837035271128389269e+00
0.000000000000000000e+00
0.000000000000000000e+00
0.000000000000000000e+00
0.000000000000000000e+00
1.000000000000000000e+00
1.000000000000000000e+00
1.000000000000000000e+00
1.000000000000000000e+00
1.000000000000000000e+00
1.000000000000000000e+00
1.000000000000000000e+00
