5.802198227121574403e-02
-3.160934509655811964e-02
2.453480135927724459e-01
1.808149665501636305e-01
2.011780626599646016e-01
3.090429255239014239e+00
1.183601781319233021e-01
1.366124982685840150e-02
-9.940542701262952141e-01
-2.865165518164918623e+01
-1.471386926974762144e+00
-1.009159452668675390e-04
-4.921706466322830708e-06
-1.208452235594135310e-01
-1.096963709644881158e-02
8.685280159552247747e-01
2.270046857511964170e-03
2.042851155865992030e-03
2.463907639197212510e-03
7.884887575017766187e-03
2.472310479135392605e-02
2.059025456021611744e-01
