5.802198227121573015e-02
-3.160934509655812658e-02
2.453480135927725847e-01
1.808149665501637138e-01
2.011780626599643795e-01
3.090429255239013351e+00
1.183601781319233298e-01
1.366124982685854375e-02
-9.940542701262955472e-01
-2.865165518164922176e+01
-1.471386926974763920e+00
-1.009159452668694363e-04
-4.921706466323067031e-06
-1.208452235594135171e-01
-1.096963709644867974e-02
8.685280159552248858e-01
2.270046857511965905e-03
2.042851155865989428e-03
2.463907639197212944e-03
7.884887575017764452e-03
2.472310479135392952e-02
2.059025456021611189e-01
