2.524904009686327333e-01
1.059276050477963027e-01
4.574871891675381663e-01
6.531834175669950504e-01
3.738000890053334579e-01
2.556945561374344145e+00
1.193546532587849152e-01
4.777652463399083005e-01
7.533872226943767458e-01
-1.316730654498243069e+01
-1.807361414590493709e+00
0.000000000000000000e+00
0.000000000000000000e+00
0.000000000000000000e+00
0.000000000000000000e+00
1.000000000000000000e+00
1.000000000000000000e+00
1.000000000000000000e+00
1.000000000000000000e+00
1.000000000000000000e+00
1.000000000000000000e+00
1.000000000000000000e+00
