5.802198227121575097e-02
-3.160934509655814045e-02
2.453480135927724459e-01
1.808149665501638526e-01
2.011780626599648791e-01
3.090429255239012019e+00
1.183601781319232882e-01
1.366124982685843273e-02
-9.940542701262951031e-01
-2.865165518164922176e+01
-1.471386926974763476e+00
-1.009159452668682302e-04
-4.921706466323261001e-06
-1.208452235594135588e-01
-1.096963709644889658e-02
8.685280159552247747e-01
2.270046857511964170e-03
2.042851155865991163e-03
2.463907639197212944e-03
7.884887575017766187e-03
2.472310479135393646e-02
2.059025456021612577e-01
