2.133361474067635433e-01
-1.554442102930125857e-01
1.991700091038559606e-01
9.361133096859977076e-01
2.145075656129886710e-01
3.472276789443602407e+00
2.340139612707307082e-01
2.661991812504448940e-01
3.369808297022842680e-01
-1.905905170767472967e+01
-4.051976049655872991e+00
0.000000000000000000e+00
0.000000000000000000e+00
0.000000000000000000e+00
0.000000000000000000e+00
1.000000000000000000e+00
1.000000000000000000e+00
1.000000000000000000e+00
1.000000000000000000e+00
1.000000000000000000e+00
1.000000000000000000e+00
1.000000000000000000e+00
