1.568097543014689843e-01
5.900035365802025478e-02
2.624353253799092123e-01
3.749365888411901881e-01
-5.634893189273171288e-02
8.182973292246948915e+00
4.112911174812678983e-01
3.923048125987871337e-01
-3.342515063462451863e+00
-3.144148101298730325e+01
-8.292888305639982249e+00
0.000000000000000000e+00
0.000000000000000000e+00
0.000000000000000000e+00
0.000000000000000000e+00
1.000000000000000000e+00
1.000000000000000000e+00
1.000000000000000000e+00
1.000000000000000000e+00
1.000000000000000000e+00
1.000000000000000000e+00
1.000000000000000000e+00
