5.802198227121577179e-02
-3.160934509655812658e-02
2.453480135927721961e-01
1.808149665501638526e-01
2.011780626599649069e-01
3.090429255239012019e+00
1.183601781319233298e-01
1.366124982685841364e-02
-9.940542701262955472e-01
-2.865165518164922176e+01
-1.471386926974763254e+00
-1.009159452668677423e-04
-4.921706466323050090e-06
-1.208452235594135588e-01
-1.096963709644816626e-02
8.685280159552245527e-01
2.270046857511964170e-03
2.042851155865990295e-03
2.463907639197212510e-03
7.884887575017766187e-03
2.472310479135391911e-02
2.059025456021613409e-01
