5.802198227121570934e-02
-3.160934509655796004e-02
2.453480135927727235e-01
1.808149665501636860e-01
2.011780626599657396e-01
3.090429255239013351e+00
1.183601781319233021e-01
1.366124982685853508e-02
-9.940542701262954361e-01
-2.865165518164920755e+01
-1.471386926974763032e+00
-1.009159452668682031e-04
-4.921706466323488006e-06
-1.208452235594135449e-01
-1.096963709644941699e-02
8.685280159552248858e-01
2.270046857511964170e-03
2.042851155865985525e-03
2.463907639197213378e-03
7.884887575017766187e-03
2.472310479135393646e-02
2.059025456021612299e-01
