1.603154973511232706e-01
-8.138158024181796346e-02
4.036917186628282694e-01
1.764581552314182122e+00
1.169096284587205492e+00
2.305777516705431740e-01
2.441330508234947350e-01
2.130738418038176096e-01
4.364678220739355297e-01
-1.727384390293455141e+01
-7.485079720094675260e+00
0.000000000000000000e+00
0.000000000000000000e+00
0.000000000000000000e+00
0.000000000000000000e+00
1.000000000000000000e+00
1.000000000000000000e+00
1.000000000000000000e+00
1.000000000000000000e+00
1.000000000000000000e+00
1.000000000000000000e+00
1.000000000000000000e+00
