5.802198227121582036e-02
-3.160934509655809882e-02
2.453480135927717798e-01
1.808149665501638526e-01
2.011780626599644906e-01
3.090429255239012019e+00
1.183601781319233437e-01
1.366124982685862355e-02
-9.940542701262957692e-01
-2.865165518164922176e+01
-1.471386926974763254e+00
-1.009159452668667529e-04
-4.921706466322773110e-06
-1.208452235594134477e-01
-1.096963709644867800e-02
8.685280159552251078e-01
2.270046857511965471e-03
2.042851155865991596e-03
2.463907639197213378e-03
7.884887575017766187e-03
2.472310479135391911e-02
2.059025456021613132e-01
