4.162202797579530045e-01
4.444252742036821635e-01
5.745167153743743205e-01
1.809852613913036645e-01
-1.662844484106484000e+00
4.330000344062642448e+00
1.498659443785967937e-01
5.731798957802003436e-02
-3.330955289132957908e+00
-4.707641774756375241e+00
-3.019903181860179586e+00
0.000000000000000000e+00
0.000000000000000000e+00
0.000000000000000000e+00
0.000000000000000000e+00
1.000000000000000000e+00
1.000000000000000000e+00
1.000000000000000000e+00
1.000000000000000000e+00
1.000000000000000000e+00
1.000000000000000000e+00
1.000000000000000000e+00
