2.603483072079926242e-01
4.248344008662023885e-01
9.621008276383972158e-01
1.252975766291355209e+00
6.628605079161595803e-01
3.465373908897324551e+00
2.717352205088612305e-01
1.803565607466581788e-01
-1.654762653004571149e-01
-4.786505896446045227e+01
-4.604795070917689692e+00
0.000000000000000000e+00
0.000000000000000000e+00
0.000000000000000000e+00
0.000000000000000000e+00
1.000000000000000000e+00
1.000000000000000000e+00
1.000000000000000000e+00
1.000000000000000000e+00
1.000000000000000000e+00
1.000000000000000000e+00
1.000000000000000000e+00
