1.902264887424067741e-01
-3.373233736450830245e-01
6.731275274644691331e-01
5.445708168485077216e-01
1.226314489997865742e+00
4.642177882270948075e-01
3.753181462024087756e-01
1.089624947756100415e-01
-3.232397904064285399e+00
-3.540355364097136004e+01
-3.818098343123322636e+00
0.000000000000000000e+00
0.000000000000000000e+00
0.000000000000000000e+00
0.000000000000000000e+00
1.000000000000000000e+00
1.000000000000000000e+00
1.000000000000000000e+00
1.000000000000000000e+00
1.000000000000000000e+00
1.000000000000000000e+00
1.000000000000000000e+00
