1.878675104437946275e-01
-2.531685653834142569e-01
2.461464759298275240e-01
7.646971539323885736e-01
-1.859573781208815557e+00
8.977526397327451946e+00
3.516791637584621433e-01
9.251452413410299336e-02
-7.485832782433110566e-01
-1.745835068361022024e+01
-1.159586950392789362e+00
0.000000000000000000e+00
0.000000000000000000e+00
0.000000000000000000e+00
0.000000000000000000e+00
1.000000000000000000e+00
1.000000000000000000e+00
1.000000000000000000e+00
1.000000000000000000e+00
1.000000000000000000e+00
1.000000000000000000e+00
1.000000000000000000e+00
