5.802198227121574403e-02
-3.160934509655820984e-02
2.453480135927725292e-01
1.808149665501637693e-01
2.011780626599642130e-01
3.090429255239012907e+00
1.183601781319233159e-01
1.366124982685858885e-02
-9.940542701262955472e-01
-2.865165518164922531e+01
-1.471386926974763920e+00
-1.009159452668678507e-04
-4.921706466323018750e-06
-1.208452235594135726e-01
-1.096963709644850279e-02
8.685280159552248858e-01
2.270046857511965905e-03
2.042851155865992030e-03
2.463907639197212944e-03
7.884887575017766187e-03
2.472310479135391564e-02
2.059025456021611467e-01
