3.166059264654253469e-01
1.466339425021840892e-01
8.515351774400828910e-01
8.848012744849906852e-01
7.565180482164368669e-03
5.068494231132483208e+00
3.766532948160394856e-01
3.691938576491156643e-01
-4.047759015487652157e+00
-9.141944474864665438e+00
-4.388191667182682387e+00
0.000000000000000000e+00
0.000000000000000000e+00
0.000000000000000000e+00
0.000000000000000000e+00
1.000000000000000000e+00
1.000000000000000000e+00
1.000000000000000000e+00
1.000000000000000000e+00
1.000000000000000000e+00
1.000000000000000000e+00
1.000000000000000000e+00
