5.802198227121579260e-02
-3.160934509655805719e-02
2.453480135927720018e-01
1.808149665501638803e-01
2.011780626599654898e-01
3.090429255239011574e+00
1.183601781319233159e-01
1.366124982685836854e-02
-9.940542701262954361e-01
-2.865165518164922887e+01
-1.471386926974763254e+00
-1.009159452668682031e-04
-4.921706466322804450e-06
-1.208452235594135310e-01
-1.096963709644829983e-02
8.685280159552247747e-01
2.270046857511964604e-03
2.042851155865988994e-03
2.463907639197213378e-03
7.884887575017766187e-03
2.472310479135392605e-02
2.059025456021612854e-01
