2.422527448398839600e-01
-1.730074727615851238e-01
5.467908680453592574e-02
1.308109977778994404e+00
-1.213649612484547280e+00
7.014873778179214980e+00
4.006838843087981439e-01
3.361508971185072081e-01
-1.081727027613940351e+00
-2.582205802951998308e+01
-5.437360396474852031e+00
0.000000000000000000e+00
0.000000000000000000e+00
0.000000000000000000e+00
0.000000000000000000e+00
1.000000000000000000e+00
1.000000000000000000e+00
1.000000000000000000e+00
1.000000000000000000e+00
1.000000000000000000e+00
1.000000000000000000e+00
1.000000000000000000e+00
