5.802198227121569546e-02
-3.160934509655806413e-02
2.453480135927729733e-01
1.808149665501638526e-01
2.011780626599648236e-01
3.090429255239012019e+00
1.183601781319233021e-01
1.366124982685850905e-02
-9.940542701262953251e-01
-2.865165518164922176e+01
-1.471386926974763476e+00
-1.009159452668696667e-04
-4.921706466323249990e-06
-1.208452235594134755e-01
-1.096963709644818707e-02
8.685280159552247747e-01
2.270046857511963737e-03
2.042851155865990295e-03
2.463907639197213378e-03
7.884887575017766187e-03
2.472310479135394340e-02
2.059025456021612299e-01
