2.239792877192277598e-01
2.242886677749956759e-01
2.838074072211280718e-01
9.281748880436746507e-01
8.591605763438576737e-01
6.797513687962970508e+00
1.448593302990641707e-02
1.869519485002175130e-01
-1.258511336150410109e+00
-2.632645521126325150e+01
-4.821638753565617108e+00
0.000000000000000000e+00
0.000000000000000000e+00
0.000000000000000000e+00
0.000000000000000000e+00
1.000000000000000000e+00
1.000000000000000000e+00
1.000000000000000000e+00
1.000000000000000000e+00
1.000000000000000000e+00
1.000000000000000000e+00
1.000000000000000000e+00
