5.802198227121573015e-02
-3.160934509655800861e-02
2.453480135927725847e-01
1.808149665501634917e-01
2.011780626599649902e-01
3.090429255239015571e+00
1.183601781319233437e-01
1.366124982685856457e-02
-9.940542701262956582e-01
-2.865165518164920400e+01
-1.471386926974763254e+00
-1.009159452668662650e-04
-4.921706466323280483e-06
-1.208452235594135032e-01
-1.096963709644883066e-02
8.685280159552247747e-01
2.270046857511965471e-03
2.042851155865984224e-03
2.463907639197212077e-03
7.884887575017762718e-03
2.472310479135392605e-02
2.059025456021612299e-01
