2.452339661634415080e-01
-2.875953014972651989e-01
6.402721246158193935e-01
8.280858721950190571e-01
-1.948144672658453480e+00
7.806472288585982966e+00
1.122032788808067227e-01
9.752442173721265206e-02
-2.221300453597820912e+00
-3.875111108695774220e+01
-8.171780025098227540e+00
0.000000000000000000e+00
0.000000000000000000e+00
0.000000000000000000e+00
0.000000000000000000e+00
1.000000000000000000e+00
1.000000000000000000e+00
1.000000000000000000e+00
1.000000000000000000e+00
1.000000000000000000e+00
1.000000000000000000e+00
1.000000000000000000e+00
