5.802198227121567464e-02
-3.160934509655807800e-02
2.453480135927730843e-01
1.808149665501636305e-01
2.011780626599654620e-01
3.090429255239014239e+00
1.183601781319232743e-01
1.366124982685840497e-02
-9.940542701262949921e-01
-2.865165518164920755e+01
-1.471386926974762810e+00
-1.009159452668695990e-04
-4.921706466322727370e-06
-1.208452235594135588e-01
-1.096963709644791646e-02
8.685280159552244417e-01
2.270046857511964170e-03
2.042851155865990295e-03
2.463907639197212944e-03
7.884887575017766187e-03
2.472310479135396075e-02
2.059025456021612022e-01
