2.412201411881803592e-02
-1.442752790848514932e-01
9.097408001427594870e-01
8.102474760962772304e-01
-9.569321989764927316e-01
1.036180292810671144e+00
2.031879068737880711e-01
8.948480118318946630e-03
-1.887908574899805458e+00
-7.578529073419083772e+00
-8.327001654966039723e+00
0.000000000000000000e+00
0.000000000000000000e+00
0.000000000000000000e+00
0.000000000000000000e+00
1.000000000000000000e+00
1.000000000000000000e+00
1.000000000000000000e+00
1.000000000000000000e+00
1.000000000000000000e+00
1.000000000000000000e+00
1.000000000000000000e+00
