3.482345927989308199e-01
-2.138606650496205352e-01
2.268514535642031094e-01
1.102629538165782463e+00
8.778758791422522911e-01
4.231064601244609591e+00
4.903820991923077410e-01
3.424148692924316451e-01
-2.114408591093834389e+00
-3.039412409029247186e+01
-6.568219838491305751e+00
0.000000000000000000e+00
0.000000000000000000e+00
0.000000000000000000e+00
0.000000000000000000e+00
1.000000000000000000e+00
1.000000000000000000e+00
1.000000000000000000e+00
1.000000000000000000e+00
1.000000000000000000e+00
1.000000000000000000e+00
1.000000000000000000e+00
