5.802198227121569546e-02
-3.160934509655829311e-02
2.453480135927729455e-01
1.808149665501643522e-01
2.011780626599644906e-01
3.090429255239007578e+00
1.183601781319232604e-01
1.366124982685839109e-02
-9.940542701262949921e-01
-2.865165518164924308e+01
-1.471386926974763920e+00
-1.009159452668670511e-04
-4.921706466323400761e-06
-1.208452235594136559e-01
-1.096963709644806044e-02
8.685280159552245527e-01
2.270046857511963737e-03
2.042851155865986826e-03
2.463907639197212944e-03
7.884887575017764452e-03
2.472310479135394687e-02
2.059025456021614242e-01
