3.317989946988395555e-01
-8.939335465693265537e-02
5.832184185497153450e-01
1.251750411837929677e+00
-7.756574501698452195e-01
9.156579775350131456e+00
3.204587470821273487e-01
3.128684675808394156e-01
-2.471491599345537971e+00
-2.957802212841125211e+01
-4.550266770225953827e+00
0.000000000000000000e+00
0.000000000000000000e+00
0.000000000000000000e+00
0.000000000000000000e+00
1.000000000000000000e+00
1.000000000000000000e+00
1.000000000000000000e+00
1.000000000000000000e+00
1.000000000000000000e+00
1.000000000000000000e+00
1.000000000000000000e+00
