5.802198227121573015e-02
-3.160934509655814739e-02
2.453480135927725847e-01
1.808149665501639913e-01
2.011780626599656008e-01
3.090429255239010242e+00
1.183601781319232743e-01
1.366124982685852120e-02
-9.940542701262951031e-01
-2.865165518164922531e+01
-1.471386926974763476e+00
-1.009159452668692873e-04
-4.921706466323097524e-06
-1.208452235594135449e-01
-1.096963709644910648e-02
8.685280159552247747e-01
2.270046857511964170e-03
2.042851155865991596e-03
2.463907639197212077e-03
7.884887575017766187e-03
2.472310479135393646e-02
2.059025456021613132e-01
