5.802198227121569546e-02
-3.160934509655816821e-02
2.453480135927730010e-01
1.808149665501644077e-01
2.011780626599644628e-01
3.090429255239006689e+00
1.183601781319232327e-01
1.366124982685891151e-02
-9.940542701262948810e-01
-2.865165518164923952e+01
-1.471386926974763920e+00
-1.009159452668647607e-04
-4.921706466322947599e-06
-1.208452235594134200e-01
-1.096963709644848718e-02
8.685280159552251078e-01
2.270046857511964604e-03
2.042851155865994632e-03
2.463907639197213811e-03
7.884887575017764452e-03
2.472310479135395728e-02
2.059025456021614242e-01
