5.802198227121572321e-02
-3.160934509655813351e-02
2.453480135927727235e-01
1.808149665501642689e-01
2.011780626599654342e-01
3.090429255239007578e+00
1.183601781319232327e-01
1.366124982685854375e-02
-9.940542701262947700e-01
-2.865165518164927505e+01
-1.471386926974764142e+00
-1.009159452668680540e-04
-4.921706466323424478e-06
-1.208452235594135032e-01
-1.096963709644945516e-02
8.685280159552245527e-01
2.270046857511963303e-03
2.042851155865992464e-03
2.463907639197214245e-03
7.884887575017767922e-03
2.472310479135393993e-02
2.059025456021616463e-01
