2.781732145001726275e-01
-2.884585188205853745e-01
8.213725809451086768e-01
4.611179223498826918e-01
-1.200336632205833531e+00
7.116321896721837348e+00
4.251064389256636322e-01
4.714542019154496222e-01
-3.125020651082259349e+00
-3.969042154363029340e+01
-7.594372419742035696e+00
0.000000000000000000e+00
0.000000000000000000e+00
0.000000000000000000e+00
0.000000000000000000e+00
1.000000000000000000e+00
1.000000000000000000e+00
1.000000000000000000e+00
1.000000000000000000e+00
1.000000000000000000e+00
1.000000000000000000e+00
1.000000000000000000e+00
