1.236288783747477305e-01
-1.306520538827854461e-01
1.759632267961520613e-01
1.464006995126347688e+00
1.859310766104162571e+00
5.603709696706648202e+00
4.387675339809620767e-01
3.661167187609516427e-01
-3.433072410240800565e-01
-1.685084958234471486e+01
-3.987738199680621598e+00
0.000000000000000000e+00
0.000000000000000000e+00
0.000000000000000000e+00
0.000000000000000000e+00
1.000000000000000000e+00
1.000000000000000000e+00
1.000000000000000000e+00
1.000000000000000000e+00
1.000000000000000000e+00
1.000000000000000000e+00
1.000000000000000000e+00
