5.802198227121570240e-02
-3.160934509655801555e-02
2.453480135927729178e-01
1.808149665501638248e-01
2.011780626599649624e-01
3.090429255239012019e+00
1.183601781319233021e-01
1.366124982685866865e-02
-9.940542701262954361e-01
-2.865165518164918979e+01
-1.471386926974762366e+00
-1.009159452668646523e-04
-4.921706466322382628e-06
-1.208452235594134061e-01
-1.096963709644853749e-02
8.685280159552247747e-01
2.270046857511965038e-03
2.042851155865994198e-03
2.463907639197215546e-03
7.884887575017766187e-03
2.472310479135396769e-02
2.059025456021613965e-01
