5.802198227121577179e-02
-3.160934509655805025e-02
2.453480135927721961e-01
1.808149665501640468e-01
2.011780626599647126e-01
3.090429255239010242e+00
1.183601781319233021e-01
1.366124982685869987e-02
-9.940542701262954361e-01
-2.865165518164924308e+01
-1.471386926974763920e+00
-1.009159452668674848e-04
-4.921706466322646055e-06
-1.208452235594134755e-01
-1.096963709644772217e-02
8.685280159552248858e-01
2.270046857511965038e-03
2.042851155865988561e-03
2.463907639197214679e-03
7.884887575017766187e-03
2.472310479135394687e-02
2.059025456021613965e-01
