2.533630057497849863e-01
-4.424693048319102706e-01
6.275799857910758783e-01
2.651050544003197285e-01
-1.475659401157188189e+00
7.885440068182307805e+00
2.533430554699613868e-01
2.064130381246484514e-01
-1.531947818426305563e+00
-2.559127951913539079e+01
-6.640361159801973834e+00
0.000000000000000000e+00
0.000000000000000000e+00
0.000000000000000000e+00
0.000000000000000000e+00
1.000000000000000000e+00
1.000000000000000000e+00
1.000000000000000000e+00
1.000000000000000000e+00
1.000000000000000000e+00
1.000000000000000000e+00
1.000000000000000000e+00
