5.802198227121575097e-02
-3.160934509655809188e-02
2.453480135927723904e-01
1.808149665501635750e-01
2.011780626599651289e-01
3.090429255239014239e+00
1.183601781319233576e-01
1.366124982685843967e-02
-9.940542701262958802e-01
-2.865165518164919689e+01
-1.471386926974763254e+00
-1.009159452668669291e-04
-4.921706466323627766e-06
-1.208452235594134477e-01
-1.096963709644807779e-02
8.685280159552247747e-01
2.270046857511965471e-03
2.042851155865992464e-03
2.463907639197212944e-03
7.884887575017766187e-03
2.472310479135393993e-02
2.059025456021612022e-01
