2.988407924680315797e-01
1.759869043722840365e-01
2.992817410097018405e-01
1.461480535818068693e+00
3.149575642438757761e-01
8.090176696206908602e+00
8.362425207445772779e-02
1.560724842884499974e-01
-2.852410676188630312e+00
-2.541263504643969640e+01
-5.098017604130451019e+00
0.000000000000000000e+00
0.000000000000000000e+00
0.000000000000000000e+00
0.000000000000000000e+00
1.000000000000000000e+00
1.000000000000000000e+00
1.000000000000000000e+00
1.000000000000000000e+00
1.000000000000000000e+00
1.000000000000000000e+00
1.000000000000000000e+00
