3.944231875915898411e-01
-3.036078866686612310e-01
1.552307320760235587e-01
9.461518945237148426e-01
-8.703419557582336985e-01
6.640473205014215452e+00
8.170444826334183341e-02
4.622623532012006264e-01
-3.565554685396818968e-01
-6.849924470769018114e+00
-4.263606309938037242e-01
0.000000000000000000e+00
0.000000000000000000e+00
0.000000000000000000e+00
0.000000000000000000e+00
1.000000000000000000e+00
1.000000000000000000e+00
1.000000000000000000e+00
1.000000000000000000e+00
1.000000000000000000e+00
1.000000000000000000e+00
1.000000000000000000e+00
