4.047336955872344322e-01
-5.886517869667085012e-02
3.631640767405148740e-01
1.492521824662786267e+00
1.308757499925259360e-01
5.197494510676268220e+00
4.475083045869123199e-01
3.772557675870593652e-01
-2.939400808429090795e+00
-1.397002540207438415e+00
-8.442345889057778052e+00
0.000000000000000000e+00
0.000000000000000000e+00
0.000000000000000000e+00
0.000000000000000000e+00
1.000000000000000000e+00
1.000000000000000000e+00
1.000000000000000000e+00
1.000000000000000000e+00
1.000000000000000000e+00
1.000000000000000000e+00
1.000000000000000000e+00
