5.802198227121578566e-02
-3.160934509655815433e-02
2.453480135927720851e-01
1.808149665501635750e-01
2.011780626599660726e-01
3.090429255239014239e+00
1.183601781319233437e-01
1.366124982685837548e-02
-9.940542701262956582e-01
-2.865165518164920044e+01
-1.471386926974762810e+00
-1.009159452668684199e-04
-4.921706466323117852e-06
-1.208452235594135310e-01
-1.096963709644802228e-02
8.685280159552247747e-01
2.270046857511964604e-03
2.042851155865990295e-03
2.463907639197212510e-03
7.884887575017764452e-03
2.472310479135391911e-02
2.059025456021613132e-01
