2.434835161439944939e-01
-2.665962411940632215e-01
7.298030444694096897e-01
1.015395906467444931e+00
-1.884423302177617998e-02
3.442378688854908830e+00
1.174101872189554641e-01
5.278103824015328849e-02
9.778116122106235153e-01
-1.742365861843997976e+01
-9.957981142928531426e+00
0.000000000000000000e+00
0.000000000000000000e+00
0.000000000000000000e+00
0.000000000000000000e+00
1.000000000000000000e+00
1.000000000000000000e+00
1.000000000000000000e+00
1.000000000000000000e+00
1.000000000000000000e+00
1.000000000000000000e+00
1.000000000000000000e+00
