5.802198227121563995e-02
-3.160934509655817515e-02
2.453480135927735561e-01
1.808149665501640468e-01
2.011780626599635746e-01
3.090429255239010686e+00
1.183601781319232327e-01
1.366124982685904855e-02
-9.940542701262948810e-01
-2.865165518164922531e+01
-1.471386926974764142e+00
-1.009159452668656958e-04
-4.921706466323205097e-06
-1.208452235594134200e-01
-1.096963709644823218e-02
8.685280159552251078e-01
2.270046857511965905e-03
2.042851155865990295e-03
2.463907639197212944e-03
7.884887575017764452e-03
2.472310479135397115e-02
2.059025456021611467e-01
