2.180900125449506954e-01
-2.369955421299106968e-01
8.156574503605997783e-01
1.361724409705616257e+00
9.655508440967226491e-01
3.052011538480607911e+00
4.438077450631178200e-02
3.753406002718386869e-01
-3.770609043446301101e+00
-3.694881305397069582e+01
-5.681046577940413123e+00
0.000000000000000000e+00
0.000000000000000000e+00
0.000000000000000000e+00
0.000000000000000000e+00
1.000000000000000000e+00
1.000000000000000000e+00
1.000000000000000000e+00
1.000000000000000000e+00
1.000000000000000000e+00
1.000000000000000000e+00
1.000000000000000000e+00
