5.802198227121572321e-02
-3.160934509655837638e-02
2.453480135927727790e-01
1.808149665501644632e-01
2.011780626599647681e-01
3.090429255239005801e+00
1.183601781319232188e-01
1.366124982685875192e-02
-9.940542701262947700e-01
-2.865165518164930702e+01
-1.471386926974765474e+00
-1.009159452668663464e-04
-4.921706466323017903e-06
-1.208452235594134477e-01
-1.096963709644801187e-02
8.685280159552254409e-01
2.270046857511963737e-03
2.042851155865985091e-03
2.463907639197213378e-03
7.884887575017766187e-03
2.472310479135393993e-02
2.059025456021615075e-01
