1.311975467677718443e-01
-3.233565637589373987e-01
2.621619834868560428e-01
5.445944365880006632e-01
1.681625423908421624e-01
5.524649724332442169e-01
9.572489113938931204e-02
2.096576206778098528e-01
-8.041877865820552529e-01
-2.980715280446638360e+00
-7.609874998168198346e+00
0.000000000000000000e+00
0.000000000000000000e+00
0.000000000000000000e+00
0.000000000000000000e+00
1.000000000000000000e+00
1.000000000000000000e+00
1.000000000000000000e+00
1.000000000000000000e+00
1.000000000000000000e+00
1.000000000000000000e+00
1.000000000000000000e+00
