5.802198227121575097e-02
-3.160934509655814739e-02
2.453480135927724459e-01
1.808149665501636860e-01
2.011780626599660449e-01
3.090429255239012907e+00
1.183601781319232465e-01
1.366124982685829568e-02
-9.940542701262946590e-01
-2.865165518164919334e+01
-1.471386926974761922e+00
-1.009159452668699513e-04
-4.921706466322873060e-06
-1.208452235594134339e-01
-1.096963709644810554e-02
8.685280159552248858e-01
2.270046857511962869e-03
2.042851155865991163e-03
2.463907639197213378e-03
7.884887575017766187e-03
2.472310479135393299e-02
2.059025456021611744e-01
