1.113142663156547196e-01
-4.028540952201287162e-02
4.835110797758810364e-01
1.108398299681186749e+00
-3.340726039654624557e-01
6.839901000035981227e+00
1.954237671133814969e-01
2.092505608130218464e-01
-2.884592403339107491e+00
-3.471564794072772742e+01
-4.630358810719829243e+00
0.000000000000000000e+00
0.000000000000000000e+00
0.000000000000000000e+00
0.000000000000000000e+00
1.000000000000000000e+00
1.000000000000000000e+00
1.000000000000000000e+00
1.000000000000000000e+00
1.000000000000000000e+00
1.000000000000000000e+00
1.000000000000000000e+00
