4.032404636031192147e-01
3.289784274202740555e-01
2.815900762952043834e-01
8.779072956225786317e-01
1.062753677466475644e+00
7.793552021284366305e+00
1.491841496739184092e-01
4.754432167135185794e-01
-3.019749355340826558e+00
-9.004878168319130793e+00
-6.704894596655575967e+00
0.000000000000000000e+00
0.000000000000000000e+00
0.000000000000000000e+00
0.000000000000000000e+00
1.000000000000000000e+00
1.000000000000000000e+00
1.000000000000000000e+00
1.000000000000000000e+00
1.000000000000000000e+00
1.000000000000000000e+00
1.000000000000000000e+00
