2.338382253208370898e-02
5.953289628176794412e-02
5.601053671571877279e-01
7.443807996292597373e-01
-1.332182718537969990e+00
8.219601091657505521e+00
2.421647143964467119e-01
3.239453746205711582e-03
6.279756427386669060e-01
-3.962169825129745249e+01
-3.947288306125871671e+00
0.000000000000000000e+00
0.000000000000000000e+00
0.000000000000000000e+00
0.000000000000000000e+00
1.000000000000000000e+00
1.000000000000000000e+00
1.000000000000000000e+00
1.000000000000000000e+00
1.000000000000000000e+00
1.000000000000000000e+00
1.000000000000000000e+00
