5.802198227121566076e-02
-3.160934509655807800e-02
2.453480135927733063e-01
1.808149665501638248e-01
2.011780626599655730e-01
3.090429255239011574e+00
1.183601781319232882e-01
1.366124982685864783e-02
-9.940542701262953251e-01
-2.865165518164919689e+01
-1.471386926974763032e+00
-1.009159452668639069e-04
-4.921706466323006891e-06
-1.208452235594133645e-01
-1.096963709644948118e-02
8.685280159552253298e-01
2.270046857511965038e-03
2.042851155865990729e-03
2.463907639197213811e-03
7.884887575017764452e-03
2.472310479135395728e-02
2.059025456021612022e-01
