3.636428468840002814e-02
-4.350556830303937694e-01
6.356976042843698327e-02
9.721285318867955993e-03
5.331240786998936443e-02
9.171290921470729884e+00
3.856449299657768726e-01
3.471694412344531466e-01
7.311831059995617110e-01
-2.720871560530653355e+01
-9.709933039647481223e+00
0.000000000000000000e+00
0.000000000000000000e+00
0.000000000000000000e+00
0.000000000000000000e+00
1.000000000000000000e+00
1.000000000000000000e+00
1.000000000000000000e+00
1.000000000000000000e+00
1.000000000000000000e+00
1.000000000000000000e+00
1.000000000000000000e+00
