4.775100352356178024e-01
-4.034898140487150897e-01
3.356959583010433734e-01
2.805691675859420808e-01
1.572294611202373904e+00
4.783728249308955682e+00
1.915700489556915742e-01
4.012639858632479073e-01
-1.525493897835657364e+00
-2.695471730844652924e+01
-5.167180507421629265e+00
0.000000000000000000e+00
0.000000000000000000e+00
0.000000000000000000e+00
0.000000000000000000e+00
1.000000000000000000e+00
1.000000000000000000e+00
1.000000000000000000e+00
1.000000000000000000e+00
1.000000000000000000e+00
1.000000000000000000e+00
1.000000000000000000e+00
