1.312613252344208004e-01
-1.271209993532865790e-01
5.259540870341816721e-02
6.539112682350001204e-01
-6.788007465064680446e-01
4.653115725594725305e-01
5.114990639259242577e-02
3.571686431093457070e-03
-3.154455568548506061e+00
-1.961595519266135668e+01
-1.431970478406661584e+00
0.000000000000000000e+00
0.000000000000000000e+00
0.000000000000000000e+00
0.000000000000000000e+00
1.000000000000000000e+00
1.000000000000000000e+00
1.000000000000000000e+00
1.000000000000000000e+00
1.000000000000000000e+00
1.000000000000000000e+00
1.000000000000000000e+00
