5.802198227121569546e-02
-3.160934509655833474e-02
2.453480135927730565e-01
1.808149665501641856e-01
2.011780626599645738e-01
3.090429255239008910e+00
1.183601781319232604e-01
1.366124982685843273e-02
-9.940542701262949921e-01
-2.865165518164924663e+01
-1.471386926974764364e+00
-1.009159452668674170e-04
-4.921706466323279636e-06
-1.208452235594136004e-01
-1.096963709644923311e-02
8.685280159552248858e-01
2.270046857511964604e-03
2.042851155865991596e-03
2.463907639197213811e-03
7.884887575017769656e-03
2.472310479135395034e-02
2.059025456021612577e-01
