5.802198227121570934e-02
-3.160934509655827229e-02
2.453480135927728345e-01
1.808149665501637138e-01
2.011780626599659616e-01
3.090429255239012907e+00
1.183601781319233159e-01
1.366124982685823323e-02
-9.940542701262953251e-01
-2.865165518164921110e+01
-1.471386926974763476e+00
-1.009159452668669969e-04
-4.921706466323330458e-06
-1.208452235594135726e-01
-1.096963709644897290e-02
8.685280159552245527e-01
2.270046857511964604e-03
2.042851155865989428e-03
2.463907639197212077e-03
7.884887575017766187e-03
2.472310479135394340e-02
2.059025456021612299e-01
