5.802198227121571628e-02
-3.160934509655814739e-02
2.453480135927727235e-01
1.808149665501636583e-01
2.011780626599649346e-01
3.090429255239013795e+00
1.183601781319233437e-01
1.366124982685845875e-02
-9.940542701262956582e-01
-2.865165518164921465e+01
-1.471386926974763254e+00
-1.009159452668672137e-04
-4.921706466323823431e-06
-1.208452235594135310e-01
-1.096963709644949679e-02
8.685280159552247747e-01
2.270046857511964604e-03
2.042851155865991163e-03
2.463907639197212944e-03
7.884887575017766187e-03
2.472310479135393646e-02
2.059025456021612022e-01
