5.802198227121577179e-02
-3.160934509655802943e-02
2.453480135927722794e-01
1.808149665501636305e-01
2.011780626599652400e-01
3.090429255239013795e+00
1.183601781319233437e-01
1.366124982685863569e-02
-9.940542701262957692e-01
-2.865165518164918268e+01
-1.471386926974762588e+00
-1.009159452668654248e-04
-4.921706466322716359e-06
-1.208452235594133090e-01
-1.096963709644822350e-02
8.685280159552253298e-01
2.270046857511964604e-03
2.042851155865993765e-03
2.463907639197213378e-03
7.884887575017764452e-03
2.472310479135393646e-02
2.059025456021611467e-01
