5.802198227121566770e-02
-3.160934509655814045e-02
2.453480135927731953e-01
1.808149665501637138e-01
2.011780626599647126e-01
3.090429255239013351e+00
1.183601781319233021e-01
1.366124982685854201e-02
-9.940542701262954361e-01
-2.865165518164920400e+01
-1.471386926974763254e+00
-1.009159452668655061e-04
-4.921706466323273707e-06
-1.208452235594135310e-01
-1.096963709644869188e-02
8.685280159552247747e-01
2.270046857511965038e-03
2.042851155865988994e-03
2.463907639197212510e-03
7.884887575017764452e-03
2.472310479135394340e-02
2.059025456021613132e-01
