4.259927463650440838e-01
-4.260964011577400568e-01
8.949317626986235119e-01
8.729870951572165083e-01
-1.489289063065952323e+00
5.758578744249330583e+00
4.202354598647861095e-01
2.175602755775660202e-01
-8.245366377204916830e-01
-1.576809515362690206e+01
-2.993516344762100267e+00
0.000000000000000000e+00
0.000000000000000000e+00
0.000000000000000000e+00
0.000000000000000000e+00
1.000000000000000000e+00
1.000000000000000000e+00
1.000000000000000000e+00
1.000000000000000000e+00
1.000000000000000000e+00
1.000000000000000000e+00
1.000000000000000000e+00
