5.802198227121582730e-02
-3.160934509655807800e-02
2.453480135927717243e-01
1.808149665501642411e-01
2.011780626599676547e-01
3.090429255239006689e+00
1.183601781319233437e-01
1.366124982685843620e-02
-9.940542701262956582e-01
-2.865165518164921465e+01
-1.471386926974763032e+00
-1.009159452668655332e-04
-4.921706466322829861e-06
-1.208452235594133090e-01
-1.096963709644858606e-02
8.685280159552251078e-01
2.270046857511964604e-03
2.042851155866004173e-03
2.463907639197214679e-03
7.884887575017764452e-03
2.472310479135393646e-02
2.059025456021615907e-01
