2.622981263302761046e-01
-4.616399985540970974e-01
7.476127630145975589e-01
1.462643511911282612e+00
1.506227757358050923e+00
9.578220587807665609e+00
2.777547946183867578e-01
4.367413673055629553e-01
2.839402089734237578e-01
-4.768331579742444148e+01
-9.249828950408486961e+00
0.000000000000000000e+00
0.000000000000000000e+00
0.000000000000000000e+00
0.000000000000000000e+00
1.000000000000000000e+00
1.000000000000000000e+00
1.000000000000000000e+00
1.000000000000000000e+00
1.000000000000000000e+00
1.000000000000000000e+00
1.000000000000000000e+00
