5.802198227121572321e-02
-3.160934509655804331e-02
2.453480135927726957e-01
1.808149665501637138e-01
2.011780626599668775e-01
3.090429255239012907e+00
1.183601781319233298e-01
1.366124982685834079e-02
-9.940542701262956582e-01
-2.865165518164921110e+01
-1.471386926974763698e+00
-1.009159452668668071e-04
-4.921706466322962845e-06
-1.208452235594134339e-01
-1.096963709644910127e-02
8.685280159552248858e-01
2.270046857511963737e-03
2.042851155865987693e-03
2.463907639197212510e-03
7.884887575017766187e-03
2.472310479135392605e-02
2.059025456021611467e-01
