3.282391380497994282e-01
2.848281057481018008e-01
7.122921113147864247e-01
1.735453069881984556e+00
-1.781388659245982886e+00
3.232941979172761826e+00
4.099804864160311313e-01
1.883166778102587369e-01
-4.108076937068485535e-01
-3.153380375951751091e+01
-7.413709053554578432e+00
0.000000000000000000e+00
0.000000000000000000e+00
0.000000000000000000e+00
0.000000000000000000e+00
1.000000000000000000e+00
1.000000000000000000e+00
1.000000000000000000e+00
1.000000000000000000e+00
1.000000000000000000e+00
1.000000000000000000e+00
1.000000000000000000e+00
