1.333737434669194921e-01
-1.875072386833764870e-02
7.591999768605491861e-01
1.517370727191058144e+00
-1.288392191479569959e+00
2.266382261838776557e+00
2.254556881546526670e-01
7.231998890917401557e-02
-4.557610753879306031e+00
-4.348290560106971014e+01
-8.883674005957097108e+00
0.000000000000000000e+00
0.000000000000000000e+00
0.000000000000000000e+00
0.000000000000000000e+00
1.000000000000000000e+00
1.000000000000000000e+00
1.000000000000000000e+00
1.000000000000000000e+00
1.000000000000000000e+00
1.000000000000000000e+00
1.000000000000000000e+00
