5.802198227121579260e-02
-3.160934509655785596e-02
2.453480135927720018e-01
1.808149665501646297e-01
2.011780626599644906e-01
3.090429255239004469e+00
1.183601781319232049e-01
1.366124982685889069e-02
-9.940542701262945480e-01
-2.865165518164923242e+01
-1.471386926974762588e+00
-1.009159452668637578e-04
-4.921706466323100065e-06
-1.208452235594132396e-01
-1.096963709644899719e-02
8.685280159552256629e-01
2.270046857511964170e-03
2.042851155865985091e-03
2.463907639197213811e-03
7.884887575017764452e-03
2.472310479135394687e-02
2.059025456021615352e-01
