5.802198227121568158e-02
-3.160934509655820984e-02
2.453480135927731121e-01
1.808149665501637693e-01
2.011780626599646016e-01
3.090429255239012907e+00
1.183601781319233437e-01
1.366124982685829048e-02
-9.940542701262956582e-01
-2.865165518164920755e+01
-1.471386926974763254e+00
-1.009159452668663057e-04
-4.921706466323389750e-06
-1.208452235594135171e-01
-1.096963709644866412e-02
8.685280159552247747e-01
2.270046857511964604e-03
2.042851155865991596e-03
2.463907639197213811e-03
7.884887575017766187e-03
2.472310479135395728e-02
2.059025456021613409e-01
