4.261859401885696452e-01
3.788599631417755020e-03
2.227559563488797911e-01
1.115298686773399828e+00
1.381954408861595152e+00
1.636305063436299667e+00
1.453766108892211584e-01
2.349974111557858181e-01
-4.139572420064725478e+00
-2.743919751405148233e+01
-5.975234315278335373e+00
0.000000000000000000e+00
0.000000000000000000e+00
0.000000000000000000e+00
0.000000000000000000e+00
1.000000000000000000e+00
1.000000000000000000e+00
1.000000000000000000e+00
1.000000000000000000e+00
1.000000000000000000e+00
1.000000000000000000e+00
1.000000000000000000e+00
