9.488894925181512452e-03
4.865146754726525913e-01
9.738903584012137404e-02
1.067010956978832859e+00
-9.480699540986843310e-01
9.601228016123041442e+00
9.814712408033970936e-02
2.125372878933036169e-01
-2.969004422453346947e+00
-3.959585586984228200e+01
-5.979220934171662449e+00
0.000000000000000000e+00
0.000000000000000000e+00
0.000000000000000000e+00
0.000000000000000000e+00
1.000000000000000000e+00
1.000000000000000000e+00
1.000000000000000000e+00
1.000000000000000000e+00
1.000000000000000000e+00
1.000000000000000000e+00
1.000000000000000000e+00
