5.802198227121559831e-02
-3.160934509655801555e-02
2.453480135927738615e-01
1.808149665501636860e-01
2.011780626599651289e-01
3.090429255239013351e+00
1.183601781319233298e-01
1.366124982685863049e-02
-9.940542701262956582e-01
-2.865165518164920044e+01
-1.471386926974763698e+00
-1.009159452668658043e-04
-4.921706466323000962e-06
-1.208452235594134477e-01
-1.096963709644837963e-02
8.685280159552245527e-01
2.270046857511965471e-03
2.042851155865989428e-03
2.463907639197212510e-03
7.884887575017766187e-03
2.472310479135397462e-02
2.059025456021611744e-01
