5.802198227121569546e-02
-3.160934509655834862e-02
2.453480135927730843e-01
1.808149665501639081e-01
2.011780626599654342e-01
3.090429255239011130e+00
1.183601781319233298e-01
1.366124982685842926e-02
-9.940542701262956582e-01
-2.865165518164920044e+01
-1.471386926974763476e+00
-1.009159452668670511e-04
-4.921706466323077195e-06
-1.208452235594133783e-01
-1.096963709644911862e-02
8.685280159552251078e-01
2.270046857511965038e-03
2.042851155865997668e-03
2.463907639197214679e-03
7.884887575017762718e-03
2.472310479135393646e-02
2.059025456021612299e-01
