5.802198227121565383e-02
-3.160934509655817515e-02
2.453480135927733341e-01
1.808149665501641024e-01
2.011780626599643240e-01
3.090429255239009798e+00
1.183601781319232327e-01
1.366124982685852293e-02
-9.940542701262947700e-01
-2.865165518164925373e+01
-1.471386926974763920e+00
-1.009159452668672137e-04
-4.921706466322912023e-06
-1.208452235594136004e-01
-1.096963709644838310e-02
8.685280159552244417e-01
2.270046857511963737e-03
2.042851155865988561e-03
2.463907639197213378e-03
7.884887575017766187e-03
2.472310479135397115e-02
2.059025456021613687e-01
