1.073434445084133215e-01
4.095023713416635625e-01
8.172353731634568463e-01
1.807760949470214706e+00
8.275170798977118380e-01
1.180762013408844791e+00
4.620040753782711507e-02
2.809869991563397340e-01
-1.571528208882944533e+00
-4.805215177126780901e+01
-6.734525343062244929e+00
0.000000000000000000e+00
0.000000000000000000e+00
0.000000000000000000e+00
0.000000000000000000e+00
1.000000000000000000e+00
1.000000000000000000e+00
1.000000000000000000e+00
1.000000000000000000e+00
1.000000000000000000e+00
1.000000000000000000e+00
1.000000000000000000e+00
