4.691523744230881587e-01
1.423374758282160979e-01
2.780849235944717890e-01
4.534505420493890604e-01
8.035358424745968620e-01
5.890216338210992220e+00
3.661017365853290739e-01
1.364302878104683980e-03
-2.161528313315761451e+00
-2.840382607022647221e+00
-6.616332340878019025e+00
0.000000000000000000e+00
0.000000000000000000e+00
0.000000000000000000e+00
0.000000000000000000e+00
1.000000000000000000e+00
1.000000000000000000e+00
1.000000000000000000e+00
1.000000000000000000e+00
1.000000000000000000e+00
1.000000000000000000e+00
1.000000000000000000e+00
