5.802198227121570934e-02
-3.160934509655825148e-02
2.453480135927728623e-01
1.808149665501643799e-01
2.011780626599638522e-01
3.090429255239007134e+00
1.183601781319232465e-01
1.366124982685894620e-02
-9.940542701262949921e-01
-2.865165518164926084e+01
-1.471386926974764808e+00
-1.009159452668658449e-04
-4.921706466323204250e-06
-1.208452235594135032e-01
-1.096963709644880290e-02
8.685280159552253298e-01
2.270046857511965471e-03
2.042851155865993331e-03
2.463907639197213811e-03
7.884887575017766187e-03
2.472310479135394687e-02
2.059025456021613409e-01
