4.078689132374364035e-01
1.896834550733110802e-01
6.683893373508217328e-01
7.346852634618807887e-01
6.265425680821938847e-01
8.601810108928937382e+00
2.896022739879877683e-03
8.297782834328676360e-02
-3.473036952656716636e+00
-3.872328590893986444e+01
-8.942771883875789030e+00
0.000000000000000000e+00
0.000000000000000000e+00
0.000000000000000000e+00
0.000000000000000000e+00
1.000000000000000000e+00
1.000000000000000000e+00
1.000000000000000000e+00
1.000000000000000000e+00
1.000000000000000000e+00
1.000000000000000000e+00
1.000000000000000000e+00
