5.802198227121570240e-02
-3.160934509655814045e-02
2.453480135927728900e-01
1.808149665501635195e-01
2.011780626599645183e-01
3.090429255239015127e+00
1.183601781319233021e-01
1.366124982685866171e-02
-9.940542701262954361e-01
-2.865165518164918268e+01
-1.471386926974762588e+00
-1.009159452668665225e-04
-4.921706466322842567e-06
-1.208452235594134894e-01
-1.096963709644915158e-02
8.685280159552247747e-01
2.270046857511965471e-03
2.042851155865991163e-03
2.463907639197213811e-03
7.884887575017766187e-03
2.472310479135393993e-02
2.059025456021612022e-01
