2.087072781702124513e-01
3.731673532958701411e-02
8.283454710638648022e-01
1.144322924567842348e+00
1.818869767400390192e+00
9.550748204809480058e+00
4.859934124343561201e-01
2.835359721227362351e-01
9.095065534500790250e-03
-1.655138054101183087e+01
-8.667849206099838000e-01
0.000000000000000000e+00
0.000000000000000000e+00
0.000000000000000000e+00
0.000000000000000000e+00
1.000000000000000000e+00
1.000000000000000000e+00
1.000000000000000000e+00
1.000000000000000000e+00
1.000000000000000000e+00
1.000000000000000000e+00
1.000000000000000000e+00
