5.802198227121570934e-02
-3.160934509655814045e-02
2.453480135927729178e-01
1.808149665501639913e-01
2.011780626599646293e-01
3.090429255239010686e+00
1.183601781319232604e-01
1.366124982685858365e-02
-9.940542701262948810e-01
-2.865165518164920044e+01
-1.471386926974762588e+00
-1.009159452668706154e-04
-4.921706466322214915e-06
-1.208452235594133367e-01
-1.096963709644840912e-02
8.685280159552253298e-01
2.270046857511965038e-03
2.042851155865993331e-03
2.463907639197212510e-03
7.884887575017762718e-03
2.472310479135394687e-02
2.059025456021612577e-01
