2.866418929356742695e-01
2.578656223264166325e-01
5.672678097030525723e-01
1.043205181836343032e+00
1.667640364934352970e+00
2.068710106971235696e+00
4.957554055128934878e-01
1.998200869933178248e-01
8.722848723202600851e-01
-3.835970043457510315e+01
-4.567088474198355286e+00
0.000000000000000000e+00
0.000000000000000000e+00
0.000000000000000000e+00
0.000000000000000000e+00
1.000000000000000000e+00
1.000000000000000000e+00
1.000000000000000000e+00
1.000000000000000000e+00
1.000000000000000000e+00
1.000000000000000000e+00
1.000000000000000000e+00
