2.581993138512230779e-01
7.066758686813978674e-02
2.847422647809694229e-02
3.430433124502061393e-01
7.411079267892501932e-01
8.338968626360765413e+00
1.534831098361189028e-01
4.468065398416986578e-01
-6.707368293901723177e-01
-4.050305228976016281e+01
-4.457724088752128111e+00
0.000000000000000000e+00
0.000000000000000000e+00
0.000000000000000000e+00
0.000000000000000000e+00
1.000000000000000000e+00
1.000000000000000000e+00
1.000000000000000000e+00
1.000000000000000000e+00
1.000000000000000000e+00
1.000000000000000000e+00
1.000000000000000000e+00
