4.966582256490383318e-01
4.055518925059043989e-01
5.438970856818211574e-01
6.082713361183238465e-01
-2.664781142549355053e-01
7.963047505202861309e+00
1.989473287424614600e-02
3.959823485138691535e-01
-3.398674921739980981e+00
-4.028856321683186081e+00
-9.921378518075064434e+00
0.000000000000000000e+00
0.000000000000000000e+00
0.000000000000000000e+00
0.000000000000000000e+00
1.000000000000000000e+00
1.000000000000000000e+00
1.000000000000000000e+00
1.000000000000000000e+00
1.000000000000000000e+00
1.000000000000000000e+00
1.000000000000000000e+00
