5.802198227121565383e-02
-3.160934509655864005e-02
2.453480135927734451e-01
1.808149665501642134e-01
2.011780626599630473e-01
3.090429255239009798e+00
1.183601781319233021e-01
1.366124982685844660e-02
-9.940542701262954361e-01
-2.865165518164926439e+01
-1.471386926974765474e+00
-1.009159452668697616e-04
-4.921706466323780232e-06
-1.208452235594138086e-01
-1.096963709644848545e-02
8.685280159552245527e-01
2.270046857511965038e-03
2.042851155865985525e-03
2.463907639197211643e-03
7.884887575017766187e-03
2.472310479135394687e-02
2.059025456021611744e-01
