2.560894784948977709e-01
-6.237297504596006625e-02
7.350672267475947264e-01
1.589626912551706406e+00
-1.446720434229511021e+00
2.636766654733948556e+00
3.966245075241658924e-02
9.161762547770740950e-02
-5.487819262298856415e-01
-3.397023944006145513e+01
-5.317097986318426450e+00
0.000000000000000000e+00
0.000000000000000000e+00
0.000000000000000000e+00
0.000000000000000000e+00
1.000000000000000000e+00
1.000000000000000000e+00
1.000000000000000000e+00
1.000000000000000000e+00
1.000000000000000000e+00
1.000000000000000000e+00
1.000000000000000000e+00
