5.802198227121570934e-02
-3.160934509655811270e-02
2.453480135927728623e-01
1.808149665501641301e-01
2.011780626599652122e-01
3.090429255239009354e+00
1.183601781319232188e-01
1.366124982685851252e-02
-9.940542701262945480e-01
-2.865165518164923242e+01
-1.471386926974763032e+00
-1.009159452668672544e-04
-4.921706466323208485e-06
-1.208452235594134339e-01
-1.096963709644835708e-02
8.685280159552248858e-01
2.270046857511963303e-03
2.042851155865988561e-03
2.463907639197212944e-03
7.884887575017766187e-03
2.472310479135395728e-02
2.059025456021613687e-01
