4.103556629543223533e-01
-3.631995147167412785e-01
8.551834413255914313e-01
1.884289038054758336e+00
-1.811291758180089584e+00
2.420808033831188588e+00
3.866934404183106078e-01
4.320291261404143324e-01
-3.757824006886532509e+00
-2.228111178048386876e+01
-7.998501719446391434e-01
0.000000000000000000e+00
0.000000000000000000e+00
0.000000000000000000e+00
0.000000000000000000e+00
1.000000000000000000e+00
1.000000000000000000e+00
1.000000000000000000e+00
1.000000000000000000e+00
1.000000000000000000e+00
1.000000000000000000e+00
1.000000000000000000e+00
