3.657383898183433901e-01
3.193820754623732938e-02
7.131749189504553721e-01
1.600097532640892384e+00
1.199974658047592513e+00
5.823645260616610919e+00
4.768885516334462338e-01
2.473799782708669404e-01
-1.554404541662832262e+00
-4.999097292045806995e+01
-9.626916664821262515e+00
0.000000000000000000e+00
0.000000000000000000e+00
0.000000000000000000e+00
0.000000000000000000e+00
1.000000000000000000e+00
1.000000000000000000e+00
1.000000000000000000e+00
1.000000000000000000e+00
1.000000000000000000e+00
1.000000000000000000e+00
1.000000000000000000e+00
