5.802198227121584118e-02
-3.160934509655806413e-02
2.453480135927716410e-01
1.808149665501642689e-01
2.011780626599654620e-01
3.090429255239007578e+00
1.183601781319232882e-01
1.366124982685870508e-02
-9.940542701262952141e-01
-2.865165518164923242e+01
-1.471386926974763254e+00
-1.009159452668646116e-04
-4.921706466322869672e-06
-1.208452235594132257e-01
-1.096963709644876474e-02
8.685280159552256629e-01
2.270046857511965038e-03
2.042851155865990729e-03
2.463907639197213811e-03
7.884887575017764452e-03
2.472310479135391564e-02
2.059025456021613687e-01
