3.446420232801481465e-01
4.626436639987860922e-01
8.127109996911309198e-01
1.393449704028031366e-01
-4.357632124455643741e-01
3.722476562965221447e+00
2.415015652056706763e-03
3.243344362776601209e-01
4.412568116188646528e-01
-1.426937584930858804e+01
-9.483031499426983757e+00
0.000000000000000000e+00
0.000000000000000000e+00
0.000000000000000000e+00
0.000000000000000000e+00
1.000000000000000000e+00
1.000000000000000000e+00
1.000000000000000000e+00
1.000000000000000000e+00
1.000000000000000000e+00
1.000000000000000000e+00
1.000000000000000000e+00
