5.802198227121579260e-02
-3.160934509655812658e-02
2.453480135927720018e-01
1.808149665501638248e-01
2.011780626599641575e-01
3.090429255239012463e+00
1.183601781319232882e-01
1.366124982685850905e-02
-9.940542701262952141e-01
-2.865165518164921110e+01
-1.471386926974762588e+00
-1.009159452668678507e-04
-4.921706466322931505e-06
-1.208452235594135588e-01
-1.096963709644914638e-02
8.685280159552247747e-01
2.270046857511963737e-03
2.042851155865985091e-03
2.463907639197215112e-03
7.884887575017766187e-03
2.472310479135392952e-02
2.059025456021613409e-01
