2.142797295656659329e-01
3.079777508803245301e-01
7.495961807175532954e-01
8.105536718540105046e-01
-9.010616955588957033e-01
4.002416575999342641e+00
2.520724899115401318e-01
4.917526603861249179e-01
-2.523659800257196828e+00
-3.718268287229243896e+01
-1.281884604759813584e+00
0.000000000000000000e+00
0.000000000000000000e+00
0.000000000000000000e+00
0.000000000000000000e+00
1.000000000000000000e+00
1.000000000000000000e+00
1.000000000000000000e+00
1.000000000000000000e+00
1.000000000000000000e+00
1.000000000000000000e+00
1.000000000000000000e+00
