5.802198227121573015e-02
-3.160934509655837638e-02
2.453480135927726680e-01
1.808149665501641301e-01
2.011780626599644628e-01
3.090429255239009354e+00
1.183601781319233437e-01
1.366124982685835466e-02
-9.940542701262957692e-01
-2.865165518164922176e+01
-1.471386926974763920e+00
-1.009159452668661702e-04
-4.921706466323479536e-06
-1.208452235594135449e-01
-1.096963709644811422e-02
8.685280159552248858e-01
2.270046857511965471e-03
2.042851155865995066e-03
2.463907639197214245e-03
7.884887575017766187e-03
2.472310479135393993e-02
2.059025456021613687e-01
