5.802198227121572321e-02
-3.160934509655800861e-02
2.453480135927726402e-01
1.808149665501640746e-01
2.011780626599638522e-01
3.090429255239010242e+00
1.183601781319231910e-01
1.366124982685875018e-02
-9.940542701262943259e-01
-2.865165518164920755e+01
-1.471386926974762366e+00
-1.009159452668717809e-04
-4.921706466323001809e-06
-1.208452235594135588e-01
-1.096963709644854963e-02
8.685280159552247747e-01
2.270046857511963737e-03
2.042851155865992030e-03
2.463907639197214245e-03
7.884887575017767922e-03
2.472310479135395728e-02
2.059025456021613132e-01
