2.292024413278425099e-01
-4.860720432472861452e-01
9.578510178879822146e-01
7.291755022145491871e-01
-1.023782142328471423e+00
5.609180055026129708e+00
2.008718288237595906e-01
4.286964466725954326e-01
9.990589288456863670e-01
-4.761137108220298586e+01
-3.314904285214341328e+00
0.000000000000000000e+00
0.000000000000000000e+00
0.000000000000000000e+00
0.000000000000000000e+00
1.000000000000000000e+00
1.000000000000000000e+00
1.000000000000000000e+00
1.000000000000000000e+00
1.000000000000000000e+00
1.000000000000000000e+00
1.000000000000000000e+00
