5.802198227121570240e-02
-3.160934509655803637e-02
2.453480135927728623e-01
1.808149665501637415e-01
2.011780626599647404e-01
3.090429255239012907e+00
1.183601781319233021e-01
1.366124982685845875e-02
-9.940542701262953251e-01
-2.865165518164917557e+01
-1.471386926974762366e+00
-1.009159452668668207e-04
-4.921706466322779886e-06
-1.208452235594134339e-01
-1.096963709644922270e-02
8.685280159552251078e-01
2.270046857511964170e-03
2.042851155865988127e-03
2.463907639197212944e-03
7.884887575017762718e-03
2.472310479135393993e-02
2.059025456021612299e-01
