4.131114444805444874e-01
1.159002039406435980e-01
9.099154120322454631e-01
1.944373668779191489e+00
1.880196172587863312e+00
8.124328802136808747e+00
9.129759197244602387e-02
2.941076176752516202e-02
4.366605915003090033e-01
-3.613300453915914545e+01
-1.992746805751444583e+00
0.000000000000000000e+00
0.000000000000000000e+00
0.000000000000000000e+00
0.000000000000000000e+00
1.000000000000000000e+00
1.000000000000000000e+00
1.000000000000000000e+00
1.000000000000000000e+00
1.000000000000000000e+00
1.000000000000000000e+00
1.000000000000000000e+00
