4.541003633616894630e-01
3.651127158681959362e-01
2.366648508091182546e-01
1.239862808331370081e+00
2.375361179063459893e-01
3.184926964910446134e+00
1.088910919121272025e-02
4.608300860112535258e-01
-4.719953184981058314e-01
-3.588472586771996475e+01
-6.679301924838483728e+00
0.000000000000000000e+00
0.000000000000000000e+00
0.000000000000000000e+00
0.000000000000000000e+00
1.000000000000000000e+00
1.000000000000000000e+00
1.000000000000000000e+00
1.000000000000000000e+00
1.000000000000000000e+00
1.000000000000000000e+00
1.000000000000000000e+00
