5.802198227121564689e-02
-3.160934509655811270e-02
2.453480135927734451e-01
1.808149665501636028e-01
2.011780626599650734e-01
3.090429255239014239e+00
1.183601781319232882e-01
1.366124982685841538e-02
-9.940542701262952141e-01
-2.865165518164920044e+01
-1.471386926974763476e+00
-1.009159452668683115e-04
-4.921706466323167827e-06
-1.208452235594135726e-01
-1.096963709644906138e-02
8.685280159552244417e-01
2.270046857511964604e-03
2.042851155865983790e-03
2.463907639197212077e-03
7.884887575017764452e-03
2.472310479135394687e-02
2.059025456021610634e-01
