3.455767019449045296e-01
-4.146665066807031508e-01
5.374100618093923254e-01
7.980534984069538318e-01
-1.575556120273727601e+00
2.263231257605528235e+00
3.371186571527648446e-01
1.291927191111634232e-01
-4.652513304275393224e+00
-2.290825962848373365e+00
-5.344554372955424348e+00
0.000000000000000000e+00
0.000000000000000000e+00
0.000000000000000000e+00
0.000000000000000000e+00
1.000000000000000000e+00
1.000000000000000000e+00
1.000000000000000000e+00
1.000000000000000000e+00
1.000000000000000000e+00
1.000000000000000000e+00
1.000000000000000000e+00
