5.802198227121589669e-02
-3.160934509655816127e-02
2.453480135927711137e-01
1.808149665501642966e-01
2.011780626599662669e-01
3.090429255239007134e+00
1.183601781319232604e-01
1.366124982685829048e-02
-9.940542701262948810e-01
-2.865165518164920755e+01
-1.471386926974761478e+00
-1.009159452668650182e-04
-4.921706466323165286e-06
-1.208452235594132534e-01
-1.096963709644826687e-02
8.685280159552254409e-01
2.270046857511963303e-03
2.042851155865999403e-03
2.463907639197215980e-03
7.884887575017769656e-03
2.472310479135393299e-02
2.059025456021616740e-01
