5.802198227121577873e-02
-3.160934509655781433e-02
2.453480135927721406e-01
1.808149665501637693e-01
2.011780626599655453e-01
3.090429255239012907e+00
1.183601781319232604e-01
1.366124982685875018e-02
-9.940542701262949921e-01
-2.865165518164920400e+01
-1.471386926974762588e+00
-1.009159452668693821e-04
-4.921706466321948100e-06
-1.208452235594132812e-01
-1.096963709644878902e-02
8.685280159552253298e-01
2.270046857511964604e-03
2.042851155865995499e-03
2.463907639197213811e-03
7.884887575017766187e-03
2.472310479135392258e-02
2.059025456021611744e-01
