5.802198227121586199e-02
-3.160934509655795310e-02
2.453480135927713635e-01
1.808149665501641856e-01
2.011780626599658228e-01
3.090429255239008022e+00
1.183601781319232604e-01
1.366124982685850732e-02
-9.940542701262949921e-01
-2.865165518164922176e+01
-1.471386926974762366e+00
-1.009159452668644490e-04
-4.921706466322947599e-06
-1.208452235594133367e-01
-1.096963709644842126e-02
8.685280159552251078e-01
2.270046857511963737e-03
2.042851155865995499e-03
2.463907639197215112e-03
7.884887575017767922e-03
2.472310479135391217e-02
2.059025456021615352e-01
