1.093225250736030163e-01
-4.685972804974194439e-01
2.871252773397033886e-01
3.452893111104129442e-01
-7.864944764863586180e-01
1.629502225070883492e+00
3.496568766138832829e-01
3.857554158340966155e-01
-1.912685314230398781e+00
-3.820965559412184120e+01
-7.699603734012257839e+00
0.000000000000000000e+00
0.000000000000000000e+00
0.000000000000000000e+00
0.000000000000000000e+00
1.000000000000000000e+00
1.000000000000000000e+00
1.000000000000000000e+00
1.000000000000000000e+00
1.000000000000000000e+00
1.000000000000000000e+00
1.000000000000000000e+00
