5.802198227121567464e-02
-3.160934509655816821e-02
2.453480135927732231e-01
1.808149665501637138e-01
2.011780626599651844e-01
3.090429255239013351e+00
1.183601781319233159e-01
1.366124982685856110e-02
-9.940542701262955472e-01
-2.865165518164923242e+01
-1.471386926974764142e+00
-1.009159452668662108e-04
-4.921706466323013667e-06
-1.208452235594134200e-01
-1.096963709644814371e-02
8.685280159552251078e-01
2.270046857511965038e-03
2.042851155865992464e-03
2.463907639197212944e-03
7.884887575017764452e-03
2.472310479135395034e-02
2.059025456021610911e-01
