3.092377197363397889e-01
1.661821277746549086e-01
1.412746576976948720e-01
1.154577740629738614e+00
1.877948624583685611e+00
5.782379197435721707e+00
9.583089060203581200e-02
1.284943634889795794e-01
-2.701812271947162003e+00
-1.273550596632588849e-02
-1.698335954691437166e+00
0.000000000000000000e+00
0.000000000000000000e+00
0.000000000000000000e+00
0.000000000000000000e+00
1.000000000000000000e+00
1.000000000000000000e+00
1.000000000000000000e+00
1.000000000000000000e+00
1.000000000000000000e+00
1.000000000000000000e+00
1.000000000000000000e+00
