1.417894096196377074e-01
-2.680615074163934519e-01
5.701674801179655860e-01
5.341864120782062741e-01
-1.505762706208518598e+00
7.273037923997237364e+00
4.957361971981745219e-01
3.085610465472615749e-01
-2.557367075462217976e+00
-3.835438863572747437e+01
-2.914290187597833537e+00
0.000000000000000000e+00
0.000000000000000000e+00
0.000000000000000000e+00
0.000000000000000000e+00
1.000000000000000000e+00
1.000000000000000000e+00
1.000000000000000000e+00
1.000000000000000000e+00
1.000000000000000000e+00
1.000000000000000000e+00
1.000000000000000000e+00
