5.802198227121567464e-02
-3.160934509655799474e-02
2.453480135927731676e-01
1.808149665501647130e-01
2.011780626599634636e-01
3.090429255239004025e+00
1.183601781319232327e-01
1.366124982685915611e-02
-9.940542701262949921e-01
-2.865165518164926439e+01
-1.471386926974764586e+00
-1.009159452668629582e-04
-4.921706466323104300e-06
-1.208452235594134061e-01
-1.096963709644924699e-02
8.685280159552248858e-01
2.270046857511966772e-03
2.042851155865995499e-03
2.463907639197214245e-03
7.884887575017764452e-03
2.472310479135395728e-02
2.059025456021615352e-01
