4.835149195068383365e-01
4.723224917572232950e-02
9.726843599648843375e-01
1.429631987348729316e+00
7.909152983890832544e-01
2.160894955803764006e+00
4.881372273881208756e-01
3.115127602294931464e-03
-3.482105825699336243e+00
-2.826042337977770913e+01
-2.206170782062475411e+00
0.000000000000000000e+00
0.000000000000000000e+00
0.000000000000000000e+00
0.000000000000000000e+00
1.000000000000000000e+00
1.000000000000000000e+00
1.000000000000000000e+00
1.000000000000000000e+00
1.000000000000000000e+00
1.000000000000000000e+00
1.000000000000000000e+00
