5.802198227121574403e-02
-3.160934509655805025e-02
2.453480135927725014e-01
1.808149665501639081e-01
2.011780626599652122e-01
3.090429255239011130e+00
1.183601781319233714e-01
1.366124982685858191e-02
-9.940542701262959913e-01
-2.865165518164920755e+01
-1.471386926974763698e+00
-1.009159452668654248e-04
-4.921706466322707889e-06
-1.208452235594133783e-01
-1.096963709644894688e-02
8.685280159552251078e-01
2.270046857511966339e-03
2.042851155865990729e-03
2.463907639197214245e-03
7.884887575017766187e-03
2.472310479135393646e-02
2.059025456021612577e-01
