4.004018173113184087e-01
3.268487695209150168e-01
1.676251194754002638e-01
5.747008176649570643e-02
-1.286789255844681179e+00
2.526879610075580818e+00
2.992365747425239642e-01
1.011152927537145585e-02
-2.241571153914566406e+00
-4.677585743345484559e+01
-7.425137892947724083e+00
0.000000000000000000e+00
0.000000000000000000e+00
0.000000000000000000e+00
0.000000000000000000e+00
1.000000000000000000e+00
1.000000000000000000e+00
1.000000000000000000e+00
1.000000000000000000e+00
1.000000000000000000e+00
1.000000000000000000e+00
1.000000000000000000e+00
