0.000000000000000000e+00
-3.861141041320867960e-03
7.940224882130815232e-01
4.980325701752476242e+00
6.281755897459521121e-01
-4.335091119140410143e+01
2.190274366776154391e+00
6.925050959648587634e-01
-2.115201112590272103e+01
-2.211795235341235184e+02
2.071080980359351620e-01
-1.892092104763641586e-05
1.697318702196186669e-05
-1.152040088676714452e-01
-2.439666198488159993e-02
6.877057450913481862e-01
8.805154067442120397e-03
5.764530896583339170e-03
7.833886771541611824e-03
1.875197196640179115e-02
4.727820667582822295e-02
2.681876261662223260e-01
