5.802198227121567464e-02
-3.160934509655812658e-02
2.453480135927731121e-01
1.808149665501640746e-01
2.011780626599644073e-01
3.090429255239010242e+00
1.183601781319233021e-01
1.366124982685862008e-02
-9.940542701262954361e-01
-2.865165518164926439e+01
-1.471386926974764808e+00
-1.009159452668683115e-04
-4.921706466323609132e-06
-1.208452235594135449e-01
-1.096963709644896250e-02
8.685280159552245527e-01
2.270046857511965471e-03
2.042851155865988994e-03
2.463907639197213378e-03
7.884887575017767922e-03
2.472310479135395728e-02
2.059025456021613132e-01
