3.661336240344259529e-01
6.718901545088473704e-02
3.012238900499929484e-01
1.561165850955343215e+00
-8.502888501526584264e-03
1.189101866092672211e+00
1.942797613914351018e-01
1.973213952696711293e-01
-2.974846530600341321e+00
-4.587246221792790379e+01
-6.348022446451922818e+00
0.000000000000000000e+00
0.000000000000000000e+00
0.000000000000000000e+00
0.000000000000000000e+00
1.000000000000000000e+00
1.000000000000000000e+00
1.000000000000000000e+00
1.000000000000000000e+00
1.000000000000000000e+00
1.000000000000000000e+00
1.000000000000000000e+00
