2.315166850046457281e-01
4.430589363135251091e-01
6.159933526620976485e-01
1.313019965241128517e+00
-1.087112217882418186e+00
1.821233002608105833e+00
4.618378927069252682e-01
5.735055030408331422e-02
-4.059112526197785620e+00
-2.982342727765177770e+01
-4.681443584833072435e+00
0.000000000000000000e+00
0.000000000000000000e+00
0.000000000000000000e+00
0.000000000000000000e+00
1.000000000000000000e+00
1.000000000000000000e+00
1.000000000000000000e+00
1.000000000000000000e+00
1.000000000000000000e+00
1.000000000000000000e+00
1.000000000000000000e+00
