7.251196674974763612e-02
-2.664562924841340497e-01
4.150219806729504857e-01
6.084623161251065948e-01
1.458068023959181225e+00
3.997999078306023968e+00
8.168997977323794180e-02
6.582000240601848517e-03
6.399236005875961197e-01
-4.954566455102167311e+01
-7.414000625938687250e+00
0.000000000000000000e+00
0.000000000000000000e+00
0.000000000000000000e+00
0.000000000000000000e+00
1.000000000000000000e+00
1.000000000000000000e+00
1.000000000000000000e+00
1.000000000000000000e+00
1.000000000000000000e+00
1.000000000000000000e+00
1.000000000000000000e+00
