1.217376717361495220e-01
3.730721831254985021e-01
6.454242409792525503e-01
2.442117142992630274e-01
2.851091329818222775e-02
3.256008377256512709e+00
2.703840129254175828e-01
3.289247931710223005e-01
-1.431042492409755340e-01
-3.674144665206745941e+01
-8.253224275907925289e+00
0.000000000000000000e+00
0.000000000000000000e+00
0.000000000000000000e+00
0.000000000000000000e+00
1.000000000000000000e+00
1.000000000000000000e+00
1.000000000000000000e+00
1.000000000000000000e+00
1.000000000000000000e+00
1.000000000000000000e+00
1.000000000000000000e+00
