5.802198227121565383e-02
-3.160934509655816821e-02
2.453480135927733619e-01
1.808149665501636583e-01
2.011780626599638799e-01
3.090429255239014239e+00
1.183601781319233159e-01
1.366124982685856803e-02
-9.940542701262955472e-01
-2.865165518164915781e+01
-1.471386926974762144e+00
-1.009159452668672815e-04
-4.921706466323147499e-06
-1.208452235594135588e-01
-1.096963709644880290e-02
8.685280159552245527e-01
2.270046857511965905e-03
2.042851155865996800e-03
2.463907639197213811e-03
7.884887575017766187e-03
2.472310479135396075e-02
2.059025456021611744e-01
