4.915977044160202425e-02
1.743652850145740452e-01
6.506202263965802368e-01
8.313622978737473801e-01
1.032812934681041739e+00
3.706174363667535943e+00
3.244597688958065773e-01
4.983086449521656469e-01
8.753964636140638689e-01
-3.182937298202161003e+01
-8.524960813737013865e+00
0.000000000000000000e+00
0.000000000000000000e+00
0.000000000000000000e+00
0.000000000000000000e+00
1.000000000000000000e+00
1.000000000000000000e+00
1.000000000000000000e+00
1.000000000000000000e+00
1.000000000000000000e+00
1.000000000000000000e+00
1.000000000000000000e+00
