2.906340302590272318e-01
2.487077024425001781e-01
1.506301706436360410e-01
1.344097868304700460e+00
1.603039421089822003e+00
8.770183190939258466e+00
3.784210307712068677e-01
9.026485055802946356e-02
-4.447737010658453727e+00
-1.320646392334143115e+01
-2.750168784148882217e+00
0.000000000000000000e+00
0.000000000000000000e+00
0.000000000000000000e+00
0.000000000000000000e+00
1.000000000000000000e+00
1.000000000000000000e+00
1.000000000000000000e+00
1.000000000000000000e+00
1.000000000000000000e+00
1.000000000000000000e+00
1.000000000000000000e+00
