1.390710470526377862e-01
4.347459600535481528e-01
3.137913360201749491e-01
9.624591146295820021e-01
-1.756245552980741476e+00
4.968966865305635139e+00
1.417830345375106216e-01
2.032434491999876580e-01
-4.674427098922073753e-03
-1.141536443805102863e+01
-7.784490887044905882e+00
0.000000000000000000e+00
0.000000000000000000e+00
0.000000000000000000e+00
0.000000000000000000e+00
1.000000000000000000e+00
1.000000000000000000e+00
1.000000000000000000e+00
1.000000000000000000e+00
1.000000000000000000e+00
1.000000000000000000e+00
1.000000000000000000e+00
