5.802198227121577873e-02
-3.160934509655810576e-02
2.453480135927721129e-01
1.808149665501639913e-01
2.011780626599660726e-01
3.090429255239010242e+00
1.183601781319232604e-01
1.366124982685831477e-02
-9.940542701262948810e-01
-2.865165518164922531e+01
-1.471386926974763032e+00
-1.009159452668683792e-04
-4.921706466323815808e-06
-1.208452235594135588e-01
-1.096963709644778809e-02
8.685280159552247747e-01
2.270046857511962869e-03
2.042851155865992897e-03
2.463907639197212944e-03
7.884887575017764452e-03
2.472310479135393299e-02
2.059025456021612854e-01
