5.802198227121583424e-02
-3.160934509655810576e-02
2.453480135927716410e-01
1.808149665501638248e-01
2.011780626599656285e-01
3.090429255239011574e+00
1.183601781319232743e-01
1.366124982685831130e-02
-9.940542701262949921e-01
-2.865165518164918979e+01
-1.471386926974761256e+00
-1.009159452668666174e-04
-4.921706466323193238e-06
-1.208452235594134616e-01
-1.096963709644914811e-02
8.685280159552248858e-01
2.270046857511962002e-03
2.042851155865992030e-03
2.463907639197214679e-03
7.884887575017764452e-03
2.472310479135392605e-02
2.059025456021612854e-01
