9.804615486996970386e-02
2.027744007964170647e-01
4.136917334682508329e-01
1.153601497451606672e+00
9.114868490293814851e-01
1.905404032485629173e+00
2.865590954578518534e-01
3.070962759701270639e-01
-1.736071923112646687e+00
-1.036825017150073336e+01
-4.564322714604721831e+00
0.000000000000000000e+00
0.000000000000000000e+00
0.000000000000000000e+00
0.000000000000000000e+00
1.000000000000000000e+00
1.000000000000000000e+00
1.000000000000000000e+00
1.000000000000000000e+00
1.000000000000000000e+00
1.000000000000000000e+00
1.000000000000000000e+00
