5.802198227121584118e-02
-3.160934509655807106e-02
2.453480135927716688e-01
1.808149665501642689e-01
2.011780626599662392e-01
3.090429255239007578e+00
1.183601781319233437e-01
1.366124982685848477e-02
-9.940542701262956582e-01
-2.865165518164923242e+01
-1.471386926974763032e+00
-1.009159452668676067e-04
-4.921706466322468178e-06
-1.208452235594132951e-01
-1.096963709644854963e-02
8.685280159552254409e-01
2.270046857511963737e-03
2.042851155865998969e-03
2.463907639197215112e-03
7.884887575017764452e-03
2.472310479135391911e-02
2.059025456021614797e-01
