5.263023456305399028e-02
3.659237298264375049e-01
1.880221729376920781e-01
6.284188516699833471e-01
-1.575517351683007217e+00
4.513684752869927763e+00
1.052138340182240395e-02
2.325130351847854437e-01
-3.373687011970690541e+00
-4.962722846773452545e+01
-8.903573780044919062e+00
0.000000000000000000e+00
0.000000000000000000e+00
0.000000000000000000e+00
0.000000000000000000e+00
1.000000000000000000e+00
1.000000000000000000e+00
1.000000000000000000e+00
1.000000000000000000e+00
1.000000000000000000e+00
1.000000000000000000e+00
1.000000000000000000e+00
