3.549822370673657579e-01
4.243639591523996613e-01
7.498056196935309892e-02
1.912519569878000203e+00
-2.334528853411965699e-01
5.821240785075131541e+00
3.946726082937353497e-01
4.548150425135122354e-01
-4.609316604802238260e-02
-1.431802514311073082e+00
-9.551856027597070309e+00
0.000000000000000000e+00
0.000000000000000000e+00
0.000000000000000000e+00
0.000000000000000000e+00
1.000000000000000000e+00
1.000000000000000000e+00
1.000000000000000000e+00
1.000000000000000000e+00
1.000000000000000000e+00
1.000000000000000000e+00
1.000000000000000000e+00
