5.802198227121559831e-02
-3.160934509655833474e-02
2.453480135927739725e-01
1.808149665501640746e-01
2.011780626599648791e-01
3.090429255239009354e+00
1.183601781319233298e-01
1.366124982685870508e-02
-9.940542701262958802e-01
-2.865165518164924663e+01
-1.471386926974765474e+00
-1.009159452668651673e-04
-4.921706466323120394e-06
-1.208452235594134755e-01
-1.096963709644950546e-02
8.685280159552248858e-01
2.270046857511966772e-03
2.042851155865995066e-03
2.463907639197212944e-03
7.884887575017764452e-03
2.472310479135396075e-02
2.059025456021612854e-01
