5.802198227121578566e-02
-3.160934509655818209e-02
2.453480135927721129e-01
1.808149665501637138e-01
2.011780626599654065e-01
3.090429255239012907e+00
1.183601781319233021e-01
1.366124982685834426e-02
-9.940542701262952141e-01
-2.865165518164919689e+01
-1.471386926974762366e+00
-1.009159452668661160e-04
-4.921706466323263542e-06
-1.208452235594135171e-01
-1.096963709644909087e-02
8.685280159552248858e-01
2.270046857511963737e-03
2.042851155865990295e-03
2.463907639197213811e-03
7.884887575017767922e-03
2.472310479135392952e-02
2.059025456021612854e-01
