4.752275232460692611e-01
-2.094726534221204028e-01
8.682671290888175353e-01
1.570602497376157647e+00
-5.129035106807728894e-01
3.910987017871913274e+00
4.082052589357177963e-01
3.317985482211551207e-01
1.465405287906360599e-01
-1.292616065925729885e+01
-3.346276005697737865e+00
0.000000000000000000e+00
0.000000000000000000e+00
0.000000000000000000e+00
0.000000000000000000e+00
1.000000000000000000e+00
1.000000000000000000e+00
1.000000000000000000e+00
1.000000000000000000e+00
1.000000000000000000e+00
1.000000000000000000e+00
1.000000000000000000e+00
