5.802198227121573709e-02
-3.160934509655787678e-02
2.453480135927724459e-01
1.808149665501637138e-01
2.011780626599647404e-01
3.090429255239012907e+00
1.183601781319233159e-01
1.366124982685865304e-02
-9.940542701262955472e-01
-2.865165518164917913e+01
-1.471386926974762366e+00
-1.009159452668632157e-04
-4.921706466323046702e-06
-1.208452235594133506e-01
-1.096963709644923485e-02
8.685280159552248858e-01
2.270046857511965471e-03
2.042851155865987259e-03
2.463907639197213811e-03
7.884887575017762718e-03
2.472310479135392952e-02
2.059025456021611467e-01
