1.473325013435548558e-01
3.058675560529411364e-02
1.915207869474948588e-01
1.358007163825827313e-01
1.147941839999653268e+00
6.563335217758554663e+00
3.187604480218179104e-01
2.878014468765169864e-01
-4.765622502866801113e+00
-3.210931977582255570e+01
-5.431681318159249372e-01
0.000000000000000000e+00
0.000000000000000000e+00
0.000000000000000000e+00
0.000000000000000000e+00
1.000000000000000000e+00
1.000000000000000000e+00
1.000000000000000000e+00
1.000000000000000000e+00
1.000000000000000000e+00
1.000000000000000000e+00
1.000000000000000000e+00
