3.110766686130978509e-01
-1.684296429465764744e-01
7.312501607063091047e-01
9.401749655275770667e-01
8.781453783173773786e-01
6.326650503183302909e+00
4.187586839683566931e-01
4.222827171844690808e-01
-2.052804047514908525e+00
-2.934985835846270064e+01
-4.681340011454301120e+00
0.000000000000000000e+00
0.000000000000000000e+00
0.000000000000000000e+00
0.000000000000000000e+00
1.000000000000000000e+00
1.000000000000000000e+00
1.000000000000000000e+00
1.000000000000000000e+00
1.000000000000000000e+00
1.000000000000000000e+00
1.000000000000000000e+00
