5.802198227121566770e-02
-3.160934509655834862e-02
2.453480135927733341e-01
1.808149665501638526e-01
2.011780626599657118e-01
3.090429255239011574e+00
1.183601781319233021e-01
1.366124982685852467e-02
-9.940542701262953251e-01
-2.865165518164923242e+01
-1.471386926974764142e+00
-1.009159452668697480e-04
-4.921706466323886111e-06
-1.208452235594135449e-01
-1.096963709644910821e-02
8.685280159552248858e-01
2.270046857511964604e-03
2.042851155865994198e-03
2.463907639197213378e-03
7.884887575017764452e-03
2.472310479135393993e-02
2.059025456021613132e-01
