6.662807445492463509e-02
-2.557273644944365598e-01
4.939639385859545540e-01
6.080411175638302801e-01
-1.013821393852013752e+00
4.424005963810568431e+00
2.494497192170277988e-01
6.113348818888586500e-02
2.488874792409925263e-01
-9.712824971389544260e+00
-1.920786382703935757e+00
0.000000000000000000e+00
0.000000000000000000e+00
0.000000000000000000e+00
0.000000000000000000e+00
1.000000000000000000e+00
1.000000000000000000e+00
1.000000000000000000e+00
1.000000000000000000e+00
1.000000000000000000e+00
1.000000000000000000e+00
1.000000000000000000e+00
