5.802198227121569546e-02
-3.160934509655809188e-02
2.453480135927730843e-01
1.808149665501637138e-01
2.011780626599657673e-01
3.090429255239012907e+00
1.183601781319233714e-01
1.366124982685855069e-02
-9.940542701262961023e-01
-2.865165518164917913e+01
-1.471386926974763032e+00
-1.009159452668658178e-04
-4.921706466323023832e-06
-1.208452235594133228e-01
-1.096963709644868841e-02
8.685280159552253298e-01
2.270046857511966339e-03
2.042851155865998102e-03
2.463907639197213378e-03
7.884887575017764452e-03
2.472310479135393646e-02
2.059025456021610911e-01
