5.802198227121564689e-02
-3.160934509655822372e-02
2.453480135927735006e-01
1.808149665501635750e-01
2.011780626599639354e-01
3.090429255239015127e+00
1.183601781319233576e-01
1.366124982685858365e-02
-9.940542701262958802e-01
-2.865165518164916136e+01
-1.471386926974762810e+00
-1.009159452668681759e-04
-4.921706466322421591e-06
-1.208452235594134755e-01
-1.096963709644784013e-02
8.685280159552247747e-01
2.270046857511966339e-03
2.042851155865999403e-03
2.463907639197212510e-03
7.884887575017766187e-03
2.472310479135395034e-02
2.059025456021610634e-01
