3.497637814803936096e-01
3.365958321379555196e-01
5.815254425778414449e-01
1.375496423328468554e+00
-5.404367271160337438e-01
9.514806723568250746e+00
3.297637313949763893e-02
3.977619338876404176e-01
-2.804526069705466362e+00
-1.435637079784513048e+01
-9.721443229199403291e+00
0.000000000000000000e+00
0.000000000000000000e+00
0.000000000000000000e+00
0.000000000000000000e+00
1.000000000000000000e+00
1.000000000000000000e+00
1.000000000000000000e+00
1.000000000000000000e+00
1.000000000000000000e+00
1.000000000000000000e+00
1.000000000000000000e+00
