5.183084312024321960e-02
2.934184988802505112e-01
2.716619999880781622e-01
1.215252177347551310e+00
1.359891215069386483e-01
6.420463247343455748e+00
2.377605521171618497e-01
3.021374662863922644e-01
-3.265188221110651767e+00
-3.108538366943925979e+01
-5.173453522790262937e+00
0.000000000000000000e+00
0.000000000000000000e+00
0.000000000000000000e+00
0.000000000000000000e+00
1.000000000000000000e+00
1.000000000000000000e+00
1.000000000000000000e+00
1.000000000000000000e+00
1.000000000000000000e+00
1.000000000000000000e+00
1.000000000000000000e+00
