2.186609898247486861e-01
2.559735900588124835e-01
9.886913863218672605e-01
1.858394294005396574e+00
-1.588003636055634438e+00
2.328575231716838445e+00
5.825882759394324095e-02
4.136115890858826361e-01
2.873061831669811994e-01
-2.848513058762570438e+00
-6.034480647250342500e+00
0.000000000000000000e+00
0.000000000000000000e+00
0.000000000000000000e+00
0.000000000000000000e+00
1.000000000000000000e+00
1.000000000000000000e+00
1.000000000000000000e+00
1.000000000000000000e+00
1.000000000000000000e+00
1.000000000000000000e+00
1.000000000000000000e+00
