5.802198227121574403e-02
-3.160934509655801555e-02
2.453480135927723904e-01
1.808149665501636583e-01
2.011780626599647126e-01
3.090429255239013795e+00
1.183601781319233298e-01
1.366124982685850905e-02
-9.940542701262955472e-01
-2.865165518164920400e+01
-1.471386926974763032e+00
-1.009159452668666581e-04
-4.921706466323047549e-06
-1.208452235594136004e-01
-1.096963709644832065e-02
8.685280159552244417e-01
2.270046857511965038e-03
2.042851155865986826e-03
2.463907639197213378e-03
7.884887575017766187e-03
2.472310479135391911e-02
2.059025456021612299e-01
