1.063411699974877722e-01
-1.051813890649815342e-01
6.333536784476333503e-01
1.416140699684351745e-01
7.516187364886230959e-01
2.326218463046774154e+00
2.461826916918018471e-01
1.684017699085926800e-02
4.187429610216133469e-01
-7.040744159360563970e+00
-6.306194575960429205e+00
0.000000000000000000e+00
0.000000000000000000e+00
0.000000000000000000e+00
0.000000000000000000e+00
1.000000000000000000e+00
1.000000000000000000e+00
1.000000000000000000e+00
1.000000000000000000e+00
1.000000000000000000e+00
1.000000000000000000e+00
1.000000000000000000e+00
