7.224261554283395448e-02
2.107531202262497017e-01
8.761603308335588203e-01
1.542454758195555442e+00
-1.114323664999041341e+00
1.811318433421360563e-01
4.775756651538412556e-01
1.667894416529092094e-02
2.563015176427541064e-02
-1.028226467511954922e+01
-8.914237982983506114e+00
0.000000000000000000e+00
0.000000000000000000e+00
0.000000000000000000e+00
0.000000000000000000e+00
1.000000000000000000e+00
1.000000000000000000e+00
1.000000000000000000e+00
1.000000000000000000e+00
1.000000000000000000e+00
1.000000000000000000e+00
1.000000000000000000e+00
