5.802198227121582036e-02
-3.160934509655813351e-02
2.453480135927717520e-01
1.808149665501635472e-01
2.011780626599661836e-01
3.090429255239014239e+00
1.183601781319233437e-01
1.366124982685826793e-02
-9.940542701262955472e-01
-2.865165518164919334e+01
-1.471386926974762588e+00
-1.009159452668690433e-04
-4.921706466323030608e-06
-1.208452235594135310e-01
-1.096963709644848198e-02
8.685280159552248858e-01
2.270046857511963303e-03
2.042851155865990729e-03
2.463907639197212510e-03
7.884887575017766187e-03
2.472310479135391217e-02
2.059025456021611744e-01
