2.100914835703869277e-01
-1.367605030349143824e-01
1.848766877614517190e-01
1.036565456334952451e+00
-1.965578191964922894e+00
9.689362067194862149e+00
4.006906280082304650e-01
3.786559943043272258e-01
-9.710941889490563028e-01
-4.851714955875384305e+01
-6.084379700196684837e+00
0.000000000000000000e+00
0.000000000000000000e+00
0.000000000000000000e+00
0.000000000000000000e+00
1.000000000000000000e+00
1.000000000000000000e+00
1.000000000000000000e+00
1.000000000000000000e+00
1.000000000000000000e+00
1.000000000000000000e+00
1.000000000000000000e+00
