5.802198227121578566e-02
-3.160934509655811270e-02
2.453480135927720296e-01
1.808149665501636305e-01
2.011780626599648791e-01
3.090429255239014239e+00
1.183601781319233021e-01
1.366124982685842752e-02
-9.940542701262953251e-01
-2.865165518164920044e+01
-1.471386926974762144e+00
-1.009159452668679185e-04
-4.921706466323142416e-06
-1.208452235594136143e-01
-1.096963709644812983e-02
8.685280159552245527e-01
2.270046857511963737e-03
2.042851155865988127e-03
2.463907639197212944e-03
7.884887575017766187e-03
2.472310479135392258e-02
2.059025456021612577e-01
