5.802198227121575791e-02
-3.160934509655802249e-02
2.453480135927723904e-01
1.808149665501640468e-01
2.011780626599644628e-01
3.090429255239009798e+00
1.183601781319232882e-01
1.366124982685875365e-02
-9.940542701262953251e-01
-2.865165518164920755e+01
-1.471386926974762810e+00
-1.009159452668639882e-04
-4.921706466322848496e-06
-1.208452235594133090e-01
-1.096963709644978649e-02
8.685280159552253298e-01
2.270046857511965038e-03
2.042851155865994632e-03
2.463907639197214679e-03
7.884887575017766187e-03
2.472310479135393993e-02
2.059025456021612854e-01
