1.618363758891944171e-02
4.240966306927351770e-02
8.029196095360561225e-01
1.103188069389007264e-01
-4.709408993967914014e-01
2.109705921716479082e+00
4.261757195834521839e-01
5.928566109049693278e-02
-4.924291623167655452e+00
-4.409243110528694842e+01
-7.257107399668925929e+00
0.000000000000000000e+00
0.000000000000000000e+00
0.000000000000000000e+00
0.000000000000000000e+00
1.000000000000000000e+00
1.000000000000000000e+00
1.000000000000000000e+00
1.000000000000000000e+00
1.000000000000000000e+00
1.000000000000000000e+00
1.000000000000000000e+00
