5.566541400262220440e-02
-2.892324254571690956e-01
2.329624876964296876e-01
3.038891144422859458e-01
1.320712553190535932e+00
4.079194149044802487e+00
2.778952999163671889e-01
3.727619711104548372e-01
-3.509001466534425795e+00
-1.567030035849370506e+00
-4.731582413341843818e-01
0.000000000000000000e+00
0.000000000000000000e+00
0.000000000000000000e+00
0.000000000000000000e+00
1.000000000000000000e+00
1.000000000000000000e+00
1.000000000000000000e+00
1.000000000000000000e+00
1.000000000000000000e+00
1.000000000000000000e+00
1.000000000000000000e+00
