5.802198227121580648e-02
-3.160934509655808494e-02
2.453480135927718631e-01
1.808149665501638526e-01
2.011780626599664057e-01
3.090429255239011574e+00
1.183601781319233298e-01
1.366124982685824017e-02
-9.940542701262955472e-01
-2.865165518164922176e+01
-1.471386926974762810e+00
-1.009159452668648691e-04
-4.921706466323006891e-06
-1.208452235594134061e-01
-1.096963709644980904e-02
8.685280159552247747e-01
2.270046857511964170e-03
2.042851155865993765e-03
2.463907639197212077e-03
7.884887575017766187e-03
2.472310479135391911e-02
2.059025456021613965e-01
