7.470092222804647353e-02
-3.753918807786151834e-01
3.197112841530024285e-01
1.351017233508458926e+00
4.438153096858852287e-01
8.797273212107523221e+00
1.543621196242210281e-01
1.607909337662262184e-01
-3.471183151504373843e+00
-2.721499682904220307e+01
-3.090930545280893504e+00
0.000000000000000000e+00
0.000000000000000000e+00
0.000000000000000000e+00
0.000000000000000000e+00
1.000000000000000000e+00
1.000000000000000000e+00
1.000000000000000000e+00
1.000000000000000000e+00
1.000000000000000000e+00
1.000000000000000000e+00
1.000000000000000000e+00
