2.433052317584895041e-01
-3.020214829586261862e-01
5.283464191835758328e-01
7.373909156967195511e-01
1.131499674456210247e+00
2.826525287166454792e+00
1.709020552572454998e-01
2.604150983259290175e-01
-3.286166668779907596e+00
-1.329678072284875157e+01
-9.092505508678659254e+00
0.000000000000000000e+00
0.000000000000000000e+00
0.000000000000000000e+00
0.000000000000000000e+00
1.000000000000000000e+00
1.000000000000000000e+00
1.000000000000000000e+00
1.000000000000000000e+00
1.000000000000000000e+00
1.000000000000000000e+00
1.000000000000000000e+00
