5.802198227121576485e-02
-3.160934509655809188e-02
2.453480135927722794e-01
1.808149665501635750e-01
2.011780626599653510e-01
3.090429255239014239e+00
1.183601781319233298e-01
1.366124982685843620e-02
-9.940542701262956582e-01
-2.865165518164920755e+01
-1.471386926974763032e+00
-1.009159452668670646e-04
-4.921706466323101759e-06
-1.208452235594134755e-01
-1.096963709644910127e-02
8.685280159552245527e-01
2.270046857511965038e-03
2.042851155865988994e-03
2.463907639197213378e-03
7.884887575017766187e-03
2.472310479135393993e-02
2.059025456021611744e-01
