3.232377395099593209e-01
-1.416929254672262273e-01
1.229148235306176673e-01
2.369936218804464811e-01
9.169191325991334907e-01
8.773363006355783256e-01
1.227827028960389866e-01
4.271414147796757099e-01
-6.275364404328733769e-01
-4.473992408777832708e+01
-7.322438382246140520e+00
0.000000000000000000e+00
0.000000000000000000e+00
0.000000000000000000e+00
0.000000000000000000e+00
1.000000000000000000e+00
1.000000000000000000e+00
1.000000000000000000e+00
1.000000000000000000e+00
1.000000000000000000e+00
1.000000000000000000e+00
1.000000000000000000e+00
