2.290274741120452706e-01
-1.916503930350883511e-01
2.314870450355622777e-01
5.548491035122518067e-01
1.268939247610679555e+00
1.113466360924981746e+00
3.132186144771262337e-01
1.383939433182571621e-01
-9.069519548690276878e-01
-1.605146080446285595e+01
-2.032825814122571906e+00
0.000000000000000000e+00
0.000000000000000000e+00
0.000000000000000000e+00
0.000000000000000000e+00
1.000000000000000000e+00
1.000000000000000000e+00
1.000000000000000000e+00
1.000000000000000000e+00
1.000000000000000000e+00
1.000000000000000000e+00
1.000000000000000000e+00
