5.802198227121582036e-02
-3.160934509655785596e-02
2.453480135927717520e-01
1.808149665501638248e-01
2.011780626599661004e-01
3.090429255239011574e+00
1.183601781319233159e-01
1.366124982685840671e-02
-9.940542701262954361e-01
-2.865165518164921465e+01
-1.471386926974762588e+00
-1.009159452668655332e-04
-4.921706466322464790e-06
-1.208452235594133367e-01
-1.096963709644951934e-02
8.685280159552251078e-01
2.270046857511965038e-03
2.042851155865990729e-03
2.463907639197215546e-03
7.884887575017767922e-03
2.472310479135393299e-02
2.059025456021612577e-01
