5.802198227121563995e-02
-3.160934509655800861e-02
2.453480135927734729e-01
1.808149665501638803e-01
2.011780626599641020e-01
3.090429255239012019e+00
1.183601781319233021e-01
1.366124982685876232e-02
-9.940542701262955472e-01
-2.865165518164919689e+01
-1.471386926974763254e+00
-1.009159452668664954e-04
-4.921706466322804450e-06
-1.208452235594134477e-01
-1.096963709644893994e-02
8.685280159552248858e-01
2.270046857511967206e-03
2.042851155865987693e-03
2.463907639197214245e-03
7.884887575017766187e-03
2.472310479135398503e-02
2.059025456021612299e-01
