4.174210743328247153e-01
-3.952038956301302530e-01
7.446404816795177961e-01
7.210016725125714121e-01
-5.627566487677122531e-01
6.092383806181516981e+00
1.968897755441256781e-01
2.045363049304493308e-01
-1.940585542462361701e+00
-1.449260033364632960e+01
-3.947377479433260561e-01
0.000000000000000000e+00
0.000000000000000000e+00
0.000000000000000000e+00
0.000000000000000000e+00
1.000000000000000000e+00
1.000000000000000000e+00
1.000000000000000000e+00
1.000000000000000000e+00
1.000000000000000000e+00
1.000000000000000000e+00
1.000000000000000000e+00
