4.621451431999386017e-01
4.535656843746260769e-01
6.644462711803231780e-01
7.274425688750640884e-01
1.748861159023153977e+00
7.102477795195668797e+00
3.689455683961893606e-01
2.580580112709242036e-01
8.459335695559770940e-01
-2.279569461676294040e+01
-2.592456338564623763e-01
0.000000000000000000e+00
0.000000000000000000e+00
0.000000000000000000e+00
0.000000000000000000e+00
1.000000000000000000e+00
1.000000000000000000e+00
1.000000000000000000e+00
1.000000000000000000e+00
1.000000000000000000e+00
1.000000000000000000e+00
1.000000000000000000e+00
