3.516559916824159582e-01
-1.921296741070703806e-01
8.016785195782631934e-01
3.188124748067029390e-01
-1.242996839992028146e+00
4.728672560719942908e+00
5.756233755780648664e-02
1.418653413026947363e-01
-1.303823352673791458e+00
-1.739362609308440710e+01
-5.700020649405304063e+00
0.000000000000000000e+00
0.000000000000000000e+00
0.000000000000000000e+00
0.000000000000000000e+00
1.000000000000000000e+00
1.000000000000000000e+00
1.000000000000000000e+00
1.000000000000000000e+00
1.000000000000000000e+00
1.000000000000000000e+00
1.000000000000000000e+00
