5.802198227121588281e-02
-3.160934509655791841e-02
2.453480135927710859e-01
1.808149665501636028e-01
2.011780626599659061e-01
3.090429255239013795e+00
1.183601781319233576e-01
1.366124982685826446e-02
-9.940542701262957692e-01
-2.865165518164917557e+01
-1.471386926974761256e+00
-1.009159452668666039e-04
-4.921706466323056019e-06
-1.208452235594133645e-01
-1.096963709644935454e-02
8.685280159552248858e-01
2.270046857511963303e-03
2.042851155865991596e-03
2.463907639197214679e-03
7.884887575017766187e-03
2.472310479135391564e-02
2.059025456021613687e-01
