5.802198227121566076e-02
-3.160934509655798780e-02
2.453480135927732231e-01
1.808149665501636305e-01
2.011780626599658783e-01
3.090429255239013795e+00
1.183601781319233714e-01
1.366124982685839630e-02
-9.940542701262959913e-01
-2.865165518164920755e+01
-1.471386926974763698e+00
-1.009159452668668207e-04
-4.921706466323111076e-06
-1.208452235594135171e-01
-1.096963709644792860e-02
8.685280159552247747e-01
2.270046857511965471e-03
2.042851155865992030e-03
2.463907639197212510e-03
7.884887575017762718e-03
2.472310479135394687e-02
2.059025456021612577e-01
