2.620115546873855172e-01
-3.859104371950397017e-01
5.705672167664349592e-01
8.116710654217003107e-01
-1.271463542902604882e+00
1.567362595965369199e+00
1.595598349212824507e-01
1.660937918108270073e-01
-7.197497211358436786e-01
-1.488892136214498407e+01
-6.281835496772476546e+00
0.000000000000000000e+00
0.000000000000000000e+00
0.000000000000000000e+00
0.000000000000000000e+00
1.000000000000000000e+00
1.000000000000000000e+00
1.000000000000000000e+00
1.000000000000000000e+00
1.000000000000000000e+00
1.000000000000000000e+00
1.000000000000000000e+00
