2.619166599773379289e-01
-4.600370258500258158e-01
1.859653122004362169e-01
1.545581295905817054e+00
2.085955148280551619e-01
8.627689908838709343e-01
2.206973785465828342e-01
3.577745757353285594e-01
-9.766810819521385412e-01
-2.635771757589931497e+01
-9.383909581895455432e-01
0.000000000000000000e+00
0.000000000000000000e+00
0.000000000000000000e+00
0.000000000000000000e+00
1.000000000000000000e+00
1.000000000000000000e+00
1.000000000000000000e+00
1.000000000000000000e+00
1.000000000000000000e+00
1.000000000000000000e+00
1.000000000000000000e+00
