1.616674107775267766e-01
-2.697528897157678296e-01
7.937788697722286679e-01
1.248839361423894401e+00
1.901641867668923513e+00
7.588858906254712267e+00
5.310024984318817420e-03
1.236348193123643080e-02
-4.333759964038086387e+00
-2.309253123850536937e+01
-9.545426648882447296e+00
0.000000000000000000e+00
0.000000000000000000e+00
0.000000000000000000e+00
0.000000000000000000e+00
1.000000000000000000e+00
1.000000000000000000e+00
1.000000000000000000e+00
1.000000000000000000e+00
1.000000000000000000e+00
1.000000000000000000e+00
1.000000000000000000e+00
