5.802198227121580648e-02
-3.160934509655818209e-02
2.453480135927719186e-01
1.808149665501648518e-01
2.011780626599632971e-01
3.090429255239002693e+00
1.183601781319232327e-01
1.366124982685859579e-02
-9.940542701262947700e-01
-2.865165518164929637e+01
-1.471386926974764586e+00
-1.009159452668666174e-04
-4.921706466323389750e-06
-1.208452235594134200e-01
-1.096963709644856177e-02
8.685280159552251078e-01
2.270046857511964170e-03
2.042851155865987693e-03
2.463907639197213378e-03
7.884887575017766187e-03
2.472310479135394687e-02
2.059025456021615907e-01
