1.690337105521414474e-01
-4.576935075717821766e-01
7.924345421054416194e-01
2.091942315450554535e-01
1.161424867147641482e+00
5.552592621624128810e+00
4.039978635583352795e-01
3.895281350365771278e-01
7.687422326936754757e-01
-2.622160483654016971e+01
-1.123617592894705197e+00
0.000000000000000000e+00
0.000000000000000000e+00
0.000000000000000000e+00
0.000000000000000000e+00
1.000000000000000000e+00
1.000000000000000000e+00
1.000000000000000000e+00
1.000000000000000000e+00
1.000000000000000000e+00
1.000000000000000000e+00
1.000000000000000000e+00
