9.653157908937343157e-02
-5.002094389764177862e-03
5.406077147194364718e-01
1.858212336721316582e-01
1.841806679938805758e+00
6.478209681013126442e+00
4.682161065839737235e-01
2.288142744719646182e-01
-3.527922680067767658e-01
-2.540806608671800504e+01
-4.120930171563795597e+00
0.000000000000000000e+00
0.000000000000000000e+00
0.000000000000000000e+00
0.000000000000000000e+00
1.000000000000000000e+00
1.000000000000000000e+00
1.000000000000000000e+00
1.000000000000000000e+00
1.000000000000000000e+00
1.000000000000000000e+00
1.000000000000000000e+00
