1.436641551164935526e-02
8.962804790251044373e-02
9.098577735547922485e-01
1.453604473289923593e+00
1.715436562033334500e+00
5.520836750035415186e+00
1.171756718616463466e-01
9.593732806535493207e-02
1.798745005057176272e-01
-7.167470564505464381e+00
-7.805854008725985338e+00
0.000000000000000000e+00
0.000000000000000000e+00
0.000000000000000000e+00
0.000000000000000000e+00
1.000000000000000000e+00
1.000000000000000000e+00
1.000000000000000000e+00
1.000000000000000000e+00
1.000000000000000000e+00
1.000000000000000000e+00
1.000000000000000000e+00
