7.539363576951652046e-02
3.617614858651900800e-01
5.465675486659896665e-01
1.495021972217725148e+00
-1.385388892622838597e+00
8.450515632860955861e+00
3.370835758058504106e-01
3.390947755174743006e-01
-8.131420903670667499e-01
-2.273805107472907494e+01
-6.266208540795778603e+00
0.000000000000000000e+00
0.000000000000000000e+00
0.000000000000000000e+00
0.000000000000000000e+00
1.000000000000000000e+00
1.000000000000000000e+00
1.000000000000000000e+00
1.000000000000000000e+00
1.000000000000000000e+00
1.000000000000000000e+00
1.000000000000000000e+00
