5.802198227121572321e-02
-3.160934509655812658e-02
2.453480135927727790e-01
1.808149665501638526e-01
2.011780626599655175e-01
3.090429255239011574e+00
1.183601781319233021e-01
1.366124982685859232e-02
-9.940542701262954361e-01
-2.865165518164922887e+01
-1.471386926974763920e+00
-1.009159452668682031e-04
-4.921706466323015362e-06
-1.208452235594134061e-01
-1.096963709644876821e-02
8.685280159552251078e-01
2.270046857511965471e-03
2.042851155865997668e-03
2.463907639197213378e-03
7.884887575017764452e-03
2.472310479135393646e-02
2.059025456021612022e-01
