1.070248097052539094e-01
4.708448765383055346e-01
4.769105935648968453e-01
4.723899031059382025e-01
1.661203141719894472e+00
3.042508390203222390e+00
4.013617434520480587e-01
4.952277121978740926e-01
-1.187626216230652787e-01
-4.145616812980790655e+00
-3.474054909406488534e+00
0.000000000000000000e+00
0.000000000000000000e+00
0.000000000000000000e+00
0.000000000000000000e+00
1.000000000000000000e+00
1.000000000000000000e+00
1.000000000000000000e+00
1.000000000000000000e+00
1.000000000000000000e+00
1.000000000000000000e+00
1.000000000000000000e+00
