5.802198227121578566e-02
-3.160934509655825148e-02
2.453480135927721129e-01
1.808149665501640746e-01
2.011780626599649069e-01
3.090429255239009798e+00
1.183601781319232743e-01
1.366124982685839977e-02
-9.940542701262951031e-01
-2.865165518164922887e+01
-1.471386926974763032e+00
-1.009159452668682302e-04
-4.921706466322896777e-06
-1.208452235594135310e-01
-1.096963709644926087e-02
8.685280159552248858e-01
2.270046857511963737e-03
2.042851155865996800e-03
2.463907639197213378e-03
7.884887575017764452e-03
2.472310479135392605e-02
2.059025456021613409e-01
