2.987075628699211172e-01
-1.733767625534219370e-01
6.408238987556450494e-01
3.437292305207728660e-01
1.176656537130262858e+00
9.321419123553196684e+00
8.461103303732792069e-02
3.361445197526365947e-01
-3.959241553797410162e-01
-2.030215392647087214e+01
-5.864877828145786509e+00
0.000000000000000000e+00
0.000000000000000000e+00
0.000000000000000000e+00
0.000000000000000000e+00
1.000000000000000000e+00
1.000000000000000000e+00
1.000000000000000000e+00
1.000000000000000000e+00
1.000000000000000000e+00
1.000000000000000000e+00
1.000000000000000000e+00
