3.819401154846706059e-01
-4.983041366448015541e-02
9.291903955875613352e-02
1.458045613124901330e+00
1.215628337563754435e-01
7.198641191303572384e+00
2.714594406491945278e-01
3.437228373972572304e-01
-2.302265447534856513e+00
-2.835743962920419392e+01
-4.970980693334860590e+00
0.000000000000000000e+00
0.000000000000000000e+00
0.000000000000000000e+00
0.000000000000000000e+00
1.000000000000000000e+00
1.000000000000000000e+00
1.000000000000000000e+00
1.000000000000000000e+00
1.000000000000000000e+00
1.000000000000000000e+00
1.000000000000000000e+00
