5.802198227121569546e-02
-3.160934509655811964e-02
2.453480135927729178e-01
1.808149665501633807e-01
2.011780626599650457e-01
3.090429255239016459e+00
1.183601781319232604e-01
1.366124982685821068e-02
-9.940542701262946590e-01
-2.865165518164916136e+01
-1.471386926974761034e+00
-1.009159452668663464e-04
-4.921706466322957763e-06
-1.208452235594135865e-01
-1.096963709644892607e-02
8.685280159552244417e-01
2.270046857511962869e-03
2.042851155865988994e-03
2.463907639197212944e-03
7.884887575017767922e-03
2.472310479135395728e-02
2.059025456021610911e-01
