3.858265584534443238e-01
5.574119906791819012e-02
1.448548071398950698e-01
9.950627643304426062e-01
-7.440766492424142342e-01
7.596340969192272308e-01
1.778396349322087233e-01
3.029553907311845484e-01
-2.741428154968010844e+00
-3.313554695789507321e+01
-1.860030209457399053e+00
0.000000000000000000e+00
0.000000000000000000e+00
0.000000000000000000e+00
0.000000000000000000e+00
1.000000000000000000e+00
1.000000000000000000e+00
1.000000000000000000e+00
1.000000000000000000e+00
1.000000000000000000e+00
1.000000000000000000e+00
1.000000000000000000e+00
