4.261265363372149784e-01
-3.278808190653678123e-01
5.616384440404935674e-01
3.279877840399578748e-01
4.120509827563694216e-01
7.537671124493825481e+00
9.776755897297040310e-03
2.708114102701420500e-01
5.231580434027165438e-01
-4.293612167297406756e+01
-5.002871852947777143e+00
0.000000000000000000e+00
0.000000000000000000e+00
0.000000000000000000e+00
0.000000000000000000e+00
1.000000000000000000e+00
1.000000000000000000e+00
1.000000000000000000e+00
1.000000000000000000e+00
1.000000000000000000e+00
1.000000000000000000e+00
1.000000000000000000e+00
