2.668958432072540132e-01
-8.785356819440059972e-02
8.827351975287710539e-01
3.215182523252151370e-01
-8.488442579206556537e-01
8.703450940628346899e+00
4.638132308485768962e-01
1.191643518439516880e-02
-4.018352039413651156e+00
-1.831734069441994350e+01
-7.616561643272699911e+00
0.000000000000000000e+00
0.000000000000000000e+00
0.000000000000000000e+00
0.000000000000000000e+00
1.000000000000000000e+00
1.000000000000000000e+00
1.000000000000000000e+00
1.000000000000000000e+00
1.000000000000000000e+00
1.000000000000000000e+00
1.000000000000000000e+00
