5.802198227121565383e-02
-3.160934509655838331e-02
2.453480135927734451e-01
1.808149665501639913e-01
2.011780626599631305e-01
3.090429255239011574e+00
1.183601781319233298e-01
1.366124982685869467e-02
-9.940542701262957692e-01
-2.865165518164921465e+01
-1.471386926974764142e+00
-1.009159452668669427e-04
-4.921706466323355022e-06
-1.208452235594135726e-01
-1.096963709644815758e-02
8.685280159552248858e-01
2.270046857511966339e-03
2.042851155865989428e-03
2.463907639197212944e-03
7.884887575017764452e-03
2.472310479135396075e-02
2.059025456021612299e-01
