1.718322195265648000e-01
-2.478787237380428721e-01
7.288536322713220494e-01
6.947628699271592989e-01
1.684538714741690146e+00
9.189958778436889020e+00
3.172856823666958537e-01
1.656659283007820838e-01
-3.317339746147915491e+00
-3.977604658956494177e+00
-3.264830946065819361e+00
0.000000000000000000e+00
0.000000000000000000e+00
0.000000000000000000e+00
0.000000000000000000e+00
1.000000000000000000e+00
1.000000000000000000e+00
1.000000000000000000e+00
1.000000000000000000e+00
1.000000000000000000e+00
1.000000000000000000e+00
1.000000000000000000e+00
