1.116455395767694259e-01
2.316334140067610736e-02
5.507014565811810813e-01
9.120390026561264740e-02
-5.570846586089093222e-01
2.230809416912888032e+00
3.443630809106782431e-01
8.186571250044960557e-02
-4.578050799166998530e+00
-2.949456987708195754e+00
-4.363186197651747200e+00
0.000000000000000000e+00
0.000000000000000000e+00
0.000000000000000000e+00
0.000000000000000000e+00
1.000000000000000000e+00
1.000000000000000000e+00
1.000000000000000000e+00
1.000000000000000000e+00
1.000000000000000000e+00
1.000000000000000000e+00
1.000000000000000000e+00
