5.802198227121585505e-02
-3.160934509655804331e-02
2.453480135927714467e-01
1.808149665501633530e-01
2.011780626599661836e-01
3.090429255239016015e+00
1.183601781319233853e-01
1.366124982685845007e-02
-9.940542701262961023e-01
-2.865165518164916847e+01
-1.471386926974761922e+00
-1.009159452668639747e-04
-4.921706466322754475e-06
-1.208452235594133367e-01
-1.096963709644936669e-02
8.685280159552254409e-01
2.270046857511965038e-03
2.042851155865986392e-03
2.463907639197212077e-03
7.884887575017762718e-03
2.472310479135391911e-02
2.059025456021610911e-01
