7.173581485153934789e-02
-4.101219397529498600e-03
9.545458695288016049e-01
2.750334868642645425e-01
1.418266670476529878e+00
4.285313596827935001e+00
1.848472226928305484e-01
4.737910685681441803e-01
-4.442294073251623843e+00
-1.698221756337980537e+01
-1.584314855396161903e+00
0.000000000000000000e+00
0.000000000000000000e+00
0.000000000000000000e+00
0.000000000000000000e+00
1.000000000000000000e+00
1.000000000000000000e+00
1.000000000000000000e+00
1.000000000000000000e+00
1.000000000000000000e+00
1.000000000000000000e+00
1.000000000000000000e+00
