5.802198227121571628e-02
-3.160934509655839025e-02
2.453480135927728345e-01
1.808149665501640746e-01
2.011780626599638522e-01
3.090429255239010242e+00
1.183601781319232882e-01
1.366124982685857844e-02
-9.940542701262952141e-01
-2.865165518164921110e+01
-1.471386926974763254e+00
-1.009159452668691653e-04
-4.921706466323032302e-06
-1.208452235594135726e-01
-1.096963709644878555e-02
8.685280159552251078e-01
2.270046857511965471e-03
2.042851155865995066e-03
2.463907639197214679e-03
7.884887575017766187e-03
2.472310479135394687e-02
2.059025456021614242e-01
