4.464069398693116808e-01
-2.468881491511555337e-01
8.348078943832456522e-01
1.756395842490898973e+00
7.871316892802262544e-01
7.117520754073989764e+00
4.769492593042051753e-02
4.945216777470289315e-01
-8.371809893404940084e-01
-2.861276582858792850e+01
-8.352370929213844164e+00
0.000000000000000000e+00
0.000000000000000000e+00
0.000000000000000000e+00
0.000000000000000000e+00
1.000000000000000000e+00
1.000000000000000000e+00
1.000000000000000000e+00
1.000000000000000000e+00
1.000000000000000000e+00
1.000000000000000000e+00
1.000000000000000000e+00
