5.802198227121579260e-02
-3.160934509655810576e-02
2.453480135927720018e-01
1.808149665501636028e-01
2.011780626599654065e-01
3.090429255239014239e+00
1.183601781319233159e-01
1.366124982685843967e-02
-9.940542701262954361e-01
-2.865165518164922887e+01
-1.471386926974763254e+00
-1.009159452668677694e-04
-4.921706466323323681e-06
-1.208452235594135310e-01
-1.096963709644773778e-02
8.685280159552247747e-01
2.270046857511964170e-03
2.042851155865990295e-03
2.463907639197213811e-03
7.884887575017769656e-03
2.472310479135391911e-02
2.059025456021613132e-01
