5.802198227121572321e-02
-3.160934509655848740e-02
2.453480135927728067e-01
1.808149665501636860e-01
2.011780626599641020e-01
3.090429255239014239e+00
1.183601781319233298e-01
1.366124982685831997e-02
-9.940542701262954361e-01
-2.865165518164920400e+01
-1.471386926974763254e+00
-1.009159452668710491e-04
-4.921706466323818349e-06
-1.208452235594136420e-01
-1.096963709644798411e-02
8.685280159552248858e-01
2.270046857511964604e-03
2.042851155865988994e-03
2.463907639197212944e-03
7.884887575017766187e-03
2.472310479135393993e-02
2.059025456021612299e-01
