4.847880993479982692e-01
-2.839565723793527896e-01
6.294965599986876992e-01
2.560431110455216874e-01
-1.724289081962024017e+00
1.792210899304490512e+00
3.823728229852015326e-01
3.380596323915207591e-01
-6.253516607843909725e-01
-2.269483050641831312e+00
-5.684504465121188233e+00
0.000000000000000000e+00
0.000000000000000000e+00
0.000000000000000000e+00
0.000000000000000000e+00
1.000000000000000000e+00
1.000000000000000000e+00
1.000000000000000000e+00
1.000000000000000000e+00
1.000000000000000000e+00
1.000000000000000000e+00
1.000000000000000000e+00
