5.802198227121563995e-02
-3.160934509655817515e-02
2.453480135927735839e-01
1.808149665501641856e-01
2.011780626599650734e-01
3.090429255239008466e+00
1.183601781319232743e-01
1.366124982685878834e-02
-9.940542701262952141e-01
-2.865165518164926439e+01
-1.471386926974764808e+00
-1.009159452668664277e-04
-4.921706466322956069e-06
-1.208452235594133922e-01
-1.096963709644891045e-02
8.685280159552251078e-01
2.270046857511964604e-03
2.042851155865987259e-03
2.463907639197213378e-03
7.884887575017766187e-03
2.472310479135396075e-02
2.059025456021613132e-01
