5.802198227121568158e-02
-3.160934509655778657e-02
2.453480135927730010e-01
1.808149665501636028e-01
2.011780626599653232e-01
3.090429255239014239e+00
1.183601781319233437e-01
1.366124982685884733e-02
-9.940542701262958802e-01
-2.865165518164920044e+01
-1.471386926974763476e+00
-1.009159452668659669e-04
-4.921706466322921341e-06
-1.208452235594133506e-01
-1.096963709644832585e-02
8.685280159552248858e-01
2.270046857511966772e-03
2.042851155865994198e-03
2.463907639197213811e-03
7.884887575017769656e-03
2.472310479135395034e-02
2.059025456021610911e-01
