4.382017511296067425e-01
2.505524650031673017e-01
1.534624631131252803e-01
7.137842875921622809e-01
-1.474217369974126335e+00
4.950061790416945939e+00
3.085406325288552187e-01
4.879846383134710530e-01
-1.460050690202491452e+00
-4.341829678815006588e+01
-3.276143809073114532e+00
0.000000000000000000e+00
0.000000000000000000e+00
0.000000000000000000e+00
0.000000000000000000e+00
1.000000000000000000e+00
1.000000000000000000e+00
1.000000000000000000e+00
1.000000000000000000e+00
1.000000000000000000e+00
1.000000000000000000e+00
1.000000000000000000e+00
