2.680076217487453727e-02
-8.907128018059262686e-03
6.247667924719053634e-01
4.106580516299960237e-01
1.648167891893762782e+00
9.785061162112119959e+00
4.058082116707889542e-01
6.404829842197995449e-02
-2.680581342750400609e+00
-4.221478353166393305e+01
-3.635520256640436543e+00
0.000000000000000000e+00
0.000000000000000000e+00
0.000000000000000000e+00
0.000000000000000000e+00
1.000000000000000000e+00
1.000000000000000000e+00
1.000000000000000000e+00
1.000000000000000000e+00
1.000000000000000000e+00
1.000000000000000000e+00
1.000000000000000000e+00
