3.507916894417531517e-01
-2.217260795167766974e-01
1.872026036178083830e-01
5.460410769150203514e-01
-1.527939107086094594e+00
8.397831280364065343e-01
3.744594399003019491e-01
1.059630790430881597e-01
-9.624945502219892646e-01
-1.845756137143008857e+01
-8.605148571991229289e+00
0.000000000000000000e+00
0.000000000000000000e+00
0.000000000000000000e+00
0.000000000000000000e+00
1.000000000000000000e+00
1.000000000000000000e+00
1.000000000000000000e+00
1.000000000000000000e+00
1.000000000000000000e+00
1.000000000000000000e+00
1.000000000000000000e+00
