5.802198227121570934e-02
-3.160934509655848740e-02
2.453480135927728900e-01
1.808149665501644909e-01
2.011780626599642685e-01
3.090429255239005801e+00
1.183601781319232049e-01
1.366124982685850732e-02
-9.940542701262944369e-01
-2.865165518164924663e+01
-1.471386926974763920e+00
-1.009159452668659940e-04
-4.921706466323433796e-06
-1.208452235594136281e-01
-1.096963709644811422e-02
8.685280159552247747e-01
2.270046857511963737e-03
2.042851155865992464e-03
2.463907639197214245e-03
7.884887575017766187e-03
2.472310479135395728e-02
2.059025456021615907e-01
