5.802198227121556362e-02
-3.160934509655858454e-02
2.453480135927742500e-01
1.808149665501640746e-01
2.011780626599629640e-01
3.090429255239011130e+00
1.183601781319233021e-01
1.366124982685851252e-02
-9.940542701262953251e-01
-2.865165518164924308e+01
-1.471386926974765252e+00
-1.009159452668724992e-04
-4.921706466323274554e-06
-1.208452235594138086e-01
-1.096963709644777248e-02
8.685280159552244417e-01
2.270046857511965038e-03
2.042851155865986826e-03
2.463907639197211209e-03
7.884887575017766187e-03
2.472310479135396075e-02
2.059025456021611467e-01
