1.567750407208916563e-01
-8.114189197224008776e-02
9.907745856494750702e-01
2.341741702351585186e-01
1.169179464031397941e-01
2.688435157863258151e+00
3.224466883407992035e-01
9.288687969872161387e-02
-1.896125534856733630e+00
-3.498793560626564414e+01
-4.631659584092544080e+00
0.000000000000000000e+00
0.000000000000000000e+00
0.000000000000000000e+00
0.000000000000000000e+00
1.000000000000000000e+00
1.000000000000000000e+00
1.000000000000000000e+00
1.000000000000000000e+00
1.000000000000000000e+00
1.000000000000000000e+00
1.000000000000000000e+00
