4.394727922375165075e-01
2.000234245625907015e-01
3.082285554864632182e-01
8.615071523961199684e-01
-2.599152266212056972e-01
7.852881861843048483e+00
3.045540285462931540e-01
1.550660273965618896e-01
-3.919988682586650341e+00
-4.260942904691894029e+01
-7.432480590950031996e+00
0.000000000000000000e+00
0.000000000000000000e+00
0.000000000000000000e+00
0.000000000000000000e+00
1.000000000000000000e+00
1.000000000000000000e+00
1.000000000000000000e+00
1.000000000000000000e+00
1.000000000000000000e+00
1.000000000000000000e+00
1.000000000000000000e+00
