5.802198227121568852e-02
-3.160934509655819596e-02
2.453480135927730843e-01
1.808149665501638803e-01
2.011780626599647959e-01
3.090429255239012019e+00
1.183601781319232465e-01
1.366124982685857497e-02
-9.940542701262948810e-01
-2.865165518164921465e+01
-1.471386926974763476e+00
-1.009159452668680269e-04
-4.921706466323163592e-06
-1.208452235594135310e-01
-1.096963709644820789e-02
8.685280159552248858e-01
2.270046857511965038e-03
2.042851155865992030e-03
2.463907639197212944e-03
7.884887575017767922e-03
2.472310479135394340e-02
2.059025456021612577e-01
