2.708048740995394610e-01
-2.444910737258604305e-01
1.392085128329556554e-01
4.344418395867546412e-01
-7.444889413482953522e-01
8.185623668489546034e+00
1.167859478553391894e-01
4.773906945242325506e-01
4.040231482981964106e-01
-4.394380287533577700e+01
-8.074490515693725001e+00
0.000000000000000000e+00
0.000000000000000000e+00
0.000000000000000000e+00
0.000000000000000000e+00
1.000000000000000000e+00
1.000000000000000000e+00
1.000000000000000000e+00
1.000000000000000000e+00
1.000000000000000000e+00
1.000000000000000000e+00
1.000000000000000000e+00
