4.423010529269742475e-01
-4.818901279172462804e-01
5.112537919603235004e-01
1.590677122121566311e+00
-5.715336804045190178e-02
2.205166278690600112e+00
4.425666643600273953e-01
1.335483438333971984e-01
-4.097752372640762530e+00
-1.306385793186208844e+01
-9.355781936051705827e-01
0.000000000000000000e+00
0.000000000000000000e+00
0.000000000000000000e+00
0.000000000000000000e+00
1.000000000000000000e+00
1.000000000000000000e+00
1.000000000000000000e+00
1.000000000000000000e+00
1.000000000000000000e+00
1.000000000000000000e+00
1.000000000000000000e+00
