7.696079486738793829e-02
-1.043487662145725636e-02
1.819888879086576372e-01
4.181787777907661763e-01
-1.107331297507510470e+00
8.422693364590694287e-01
4.579696579953672630e-01
3.038503814502673817e-01
-3.148912349189203042e+00
-1.270172373399135779e+01
-1.896667656180211381e+00
0.000000000000000000e+00
0.000000000000000000e+00
0.000000000000000000e+00
0.000000000000000000e+00
1.000000000000000000e+00
1.000000000000000000e+00
1.000000000000000000e+00
1.000000000000000000e+00
1.000000000000000000e+00
1.000000000000000000e+00
1.000000000000000000e+00
