5.802198227121564689e-02
-3.160934509655835556e-02
2.453480135927736117e-01
1.808149665501639913e-01
2.011780626599642130e-01
3.090429255239011130e+00
1.183601781319233159e-01
1.366124982685873283e-02
-9.940542701262956582e-01
-2.865165518164922531e+01
-1.471386926974764808e+00
-1.009159452668677694e-04
-4.921706466323054325e-06
-1.208452235594134200e-01
-1.096963709644806044e-02
8.685280159552251078e-01
2.270046857511967640e-03
2.042851155865995499e-03
2.463907639197212510e-03
7.884887575017764452e-03
2.472310479135394340e-02
2.059025456021612577e-01
