4.735856408987586530e-01
2.876960097911112069e-01
5.094699777865906443e-01
1.426532043461981258e+00
-1.642714776438855662e+00
3.699464540552358294e+00
3.495636160188927422e-01
2.093700951723694303e-01
-7.334358176413982022e-01
-7.248398203354859959e+00
-6.392972089752872122e+00
0.000000000000000000e+00
0.000000000000000000e+00
0.000000000000000000e+00
0.000000000000000000e+00
1.000000000000000000e+00
1.000000000000000000e+00
1.000000000000000000e+00
1.000000000000000000e+00
1.000000000000000000e+00
1.000000000000000000e+00
1.000000000000000000e+00
