2.256390570574909327e-01
-1.942495986669990904e-01
9.166548894625150545e-01
6.136049213892920129e-01
-5.398136932960451162e-02
3.952500242452148260e+00
5.187846023211600821e-02
4.417241870143008842e-01
8.274367575489272042e-02
-8.849912402992480054e+00
-8.536015029093157125e+00
0.000000000000000000e+00
0.000000000000000000e+00
0.000000000000000000e+00
0.000000000000000000e+00
1.000000000000000000e+00
1.000000000000000000e+00
1.000000000000000000e+00
1.000000000000000000e+00
1.000000000000000000e+00
1.000000000000000000e+00
1.000000000000000000e+00
