5.802198227121573015e-02
-3.160934509655819596e-02
2.453480135927726125e-01
1.808149665501635195e-01
2.011780626599653787e-01
3.090429255239015127e+00
1.183601781319233298e-01
1.366124982685836681e-02
-9.940542701262954361e-01
-2.865165518164918623e+01
-1.471386926974762588e+00
-1.009159452668675932e-04
-4.921706466322943364e-06
-1.208452235594136004e-01
-1.096963709644887749e-02
8.685280159552247747e-01
2.270046857511964170e-03
2.042851155865990729e-03
2.463907639197210776e-03
7.884887575017766187e-03
2.472310479135392952e-02
2.059025456021611467e-01
