2.852658125727033922e-01
-2.317402241860990753e-01
6.052952376255275047e-01
1.697127552249011462e-01
1.894617407152172195e+00
5.163392519162775862e+00
4.444946648274586409e-01
4.869619950618236937e-02
-4.465457766186549549e+00
-4.907870590345189044e+01
-2.157459836799759501e+00
0.000000000000000000e+00
0.000000000000000000e+00
0.000000000000000000e+00
0.000000000000000000e+00
1.000000000000000000e+00
1.000000000000000000e+00
1.000000000000000000e+00
1.000000000000000000e+00
1.000000000000000000e+00
1.000000000000000000e+00
1.000000000000000000e+00
