3.311471194135934271e-01
-8.116299313104435864e-02
1.300206012251098331e-01
1.991624532950346138e+00
-1.248337523138610017e+00
1.055248323611432948e+00
4.444023017037906920e-02
1.690143467654400267e-01
-4.432225584054904743e+00
-4.483692573044039875e+01
-8.931180530048729693e+00
0.000000000000000000e+00
0.000000000000000000e+00
0.000000000000000000e+00
0.000000000000000000e+00
1.000000000000000000e+00
1.000000000000000000e+00
1.000000000000000000e+00
1.000000000000000000e+00
1.000000000000000000e+00
1.000000000000000000e+00
1.000000000000000000e+00
