5.802198227121574403e-02
-3.160934509655815433e-02
2.453480135927725014e-01
1.808149665501642689e-01
2.011780626599656840e-01
3.090429255239007578e+00
1.183601781319232049e-01
1.366124982685857324e-02
-9.940542701262945480e-01
-2.865165518164926084e+01
-1.471386926974764142e+00
-1.009159452668664277e-04
-4.921706466323309282e-06
-1.208452235594134477e-01
-1.096963709644845422e-02
8.685280159552251078e-01
2.270046857511964170e-03
2.042851155865990295e-03
2.463907639197213378e-03
7.884887575017766187e-03
2.472310479135393646e-02
2.059025456021613687e-01
