9.234028796669191408e-02
4.768839025846001167e-01
7.922494697501388794e-01
3.354745525793831895e-01
5.298408918200623319e-01
3.570118503554953193e+00
3.927131752648930774e-01
4.635001253227823970e-01
-1.018046893341245429e+00
-3.098382528516394174e+01
-8.417764926809555348e+00
0.000000000000000000e+00
0.000000000000000000e+00
0.000000000000000000e+00
0.000000000000000000e+00
1.000000000000000000e+00
1.000000000000000000e+00
1.000000000000000000e+00
1.000000000000000000e+00
1.000000000000000000e+00
1.000000000000000000e+00
1.000000000000000000e+00
