5.802198227121582730e-02
-3.160934509655806413e-02
2.453480135927716965e-01
1.808149665501638248e-01
2.011780626599667665e-01
3.090429255239011574e+00
1.183601781319233298e-01
1.366124982685838068e-02
-9.940542701262955472e-01
-2.865165518164921110e+01
-1.471386926974763032e+00
-1.009159452668678507e-04
-4.921706466323152581e-06
-1.208452235594133922e-01
-1.096963709644880464e-02
8.685280159552253298e-01
2.270046857511963303e-03
2.042851155865991163e-03
2.463907639197213378e-03
7.884887575017764452e-03
2.472310479135391564e-02
2.059025456021612577e-01
