3.739527582481768642e-01
-3.912676800990977366e-01
9.847764137048686806e-04
5.931266176757410413e-01
-1.992125990524757029e+00
3.206376523855430705e+00
4.623891531116947062e-02
2.956390548047023170e-01
-3.848320223742688562e+00
-4.413769719968286154e+00
-1.111988432424823259e+00
0.000000000000000000e+00
0.000000000000000000e+00
0.000000000000000000e+00
0.000000000000000000e+00
1.000000000000000000e+00
1.000000000000000000e+00
1.000000000000000000e+00
1.000000000000000000e+00
1.000000000000000000e+00
1.000000000000000000e+00
1.000000000000000000e+00
