3.206581021150285427e-01
-3.516225183658575615e-01
9.008588610374901329e-01
3.213591516143441407e-01
1.060454892244622194e-01
9.179191818275771908e+00
8.845105508523282145e-02
2.312392646577414168e-01
-5.931537899773253741e-02
-2.428451557423471741e+01
-8.131770985541887597e+00
0.000000000000000000e+00
0.000000000000000000e+00
0.000000000000000000e+00
0.000000000000000000e+00
1.000000000000000000e+00
1.000000000000000000e+00
1.000000000000000000e+00
1.000000000000000000e+00
1.000000000000000000e+00
1.000000000000000000e+00
1.000000000000000000e+00
