1.120086883241300790e-01
1.237506914208840181e-01
2.426385402781643386e-01
1.040795118422841448e-01
5.005722913618897429e-01
2.773788751756426585e+00
2.246314776639652955e-01
7.681034533277580900e-02
-2.440949536878840753e+00
-4.027804498644155728e+01
-2.020698706761100638e+00
0.000000000000000000e+00
0.000000000000000000e+00
0.000000000000000000e+00
0.000000000000000000e+00
1.000000000000000000e+00
1.000000000000000000e+00
1.000000000000000000e+00
1.000000000000000000e+00
1.000000000000000000e+00
1.000000000000000000e+00
1.000000000000000000e+00
