4.136843168452564723e-01
-3.791461877952061466e-01
8.645126848124587982e-01
1.562693340444222256e+00
4.864268921753645003e-02
3.045292511000807778e+00
7.734287137391993028e-02
1.733862057673462020e-01
-4.056990431780127082e+00
-1.261414565819973177e+01
-3.009280984268997372e+00
0.000000000000000000e+00
0.000000000000000000e+00
0.000000000000000000e+00
0.000000000000000000e+00
1.000000000000000000e+00
1.000000000000000000e+00
1.000000000000000000e+00
1.000000000000000000e+00
1.000000000000000000e+00
1.000000000000000000e+00
1.000000000000000000e+00
