3.459933094221966932e-01
-1.496499418817243132e-02
2.913885388715853342e-02
1.139931750360157592e+00
1.385214910184183967e+00
9.921678591544539572e+00
9.720371684057360628e-02
2.545693788002766911e-01
-4.560500708249010771e+00
-4.257487590290007518e+01
-5.594240037433300117e+00
0.000000000000000000e+00
0.000000000000000000e+00
0.000000000000000000e+00
0.000000000000000000e+00
1.000000000000000000e+00
1.000000000000000000e+00
1.000000000000000000e+00
1.000000000000000000e+00
1.000000000000000000e+00
1.000000000000000000e+00
1.000000000000000000e+00
