4.008938210592790097e-01
-4.665167606520873589e-01
7.082573943744692180e-01
3.955522958443957737e-01
-1.133478338636800586e+00
9.279010946595050768e+00
3.447076676169174569e-01
4.750049319615897714e-01
-3.944894186016422388e+00
-4.359596430047940885e+01
-5.118353646520105826e+00
0.000000000000000000e+00
0.000000000000000000e+00
0.000000000000000000e+00
0.000000000000000000e+00
1.000000000000000000e+00
1.000000000000000000e+00
1.000000000000000000e+00
1.000000000000000000e+00
1.000000000000000000e+00
1.000000000000000000e+00
1.000000000000000000e+00
