5.802198227121566076e-02
-3.160934509655810576e-02
2.453480135927732786e-01
1.808149665501638526e-01
2.011780626599645183e-01
3.090429255239012019e+00
1.183601781319233298e-01
1.366124982685874671e-02
-9.940542701262957692e-01
-2.865165518164922887e+01
-1.471386926974763920e+00
-1.009159452668665768e-04
-4.921706466323436337e-06
-1.208452235594134755e-01
-1.096963709644954363e-02
8.685280159552248858e-01
2.270046857511966339e-03
2.042851155865988994e-03
2.463907639197213811e-03
7.884887575017767922e-03
2.472310479135395034e-02
2.059025456021611744e-01
