6.258698179693045205e-03
3.354931055834803333e-01
1.568962523869088521e-01
1.655545376682768577e+00
-1.532413602317750367e-01
3.140632730128264605e+00
2.075851553458829546e-02
2.078994428196048183e-01
-7.325739473840968685e-01
-4.013517596261108622e+01
-7.599239072911907478e+00
0.000000000000000000e+00
0.000000000000000000e+00
0.000000000000000000e+00
0.000000000000000000e+00
1.000000000000000000e+00
1.000000000000000000e+00
1.000000000000000000e+00
1.000000000000000000e+00
1.000000000000000000e+00
1.000000000000000000e+00
1.000000000000000000e+00
