5.802198227121568158e-02
-3.160934509655802943e-02
2.453480135927730843e-01
1.808149665501641024e-01
2.011780626599636579e-01
3.090429255239010242e+00
1.183601781319232465e-01
1.366124982685877794e-02
-9.940542701262948810e-01
-2.865165518164922176e+01
-1.471386926974763254e+00
-1.009159452668692873e-04
-4.921706466322526623e-06
-1.208452235594134339e-01
-1.096963709644862076e-02
8.685280159552248858e-01
2.270046857511964604e-03
2.042851155865990295e-03
2.463907639197214245e-03
7.884887575017766187e-03
2.472310479135396075e-02
2.059025456021612854e-01
