1.011011467151206600e-01
2.845476041105609033e-01
8.605372392370311818e-01
6.541704021628693688e-01
-1.004558095660666339e+00
8.103637162464774946e+00
3.567173946286313901e-01
3.306642066891121168e-01
-7.370524578226005374e-01
-4.435495624149412919e+01
-1.300279965439274932e+00
0.000000000000000000e+00
0.000000000000000000e+00
0.000000000000000000e+00
0.000000000000000000e+00
1.000000000000000000e+00
1.000000000000000000e+00
1.000000000000000000e+00
1.000000000000000000e+00
1.000000000000000000e+00
1.000000000000000000e+00
1.000000000000000000e+00
