4.017140200398439664e-01
2.752229568264474846e-02
1.191114650282120158e-01
1.279362888484710137e+00
-1.636298948903680106e+00
3.322256807930123124e+00
2.136904737206684057e-01
2.771929062153263290e-01
-1.231240865134634710e+00
-1.513035279028258628e+01
-2.100503111186196925e+00
0.000000000000000000e+00
0.000000000000000000e+00
0.000000000000000000e+00
0.000000000000000000e+00
1.000000000000000000e+00
1.000000000000000000e+00
1.000000000000000000e+00
1.000000000000000000e+00
1.000000000000000000e+00
1.000000000000000000e+00
1.000000000000000000e+00
