4.500055172536192583e-01
2.400855349832953234e-02
8.874516217379539995e-01
1.700312542500813207e+00
5.042308046456822623e-02
1.796991544276498320e+00
4.442751681495603622e-01
2.562859602455306307e-01
-3.976801846628490011e+00
-4.330467907327442845e+01
-2.321604941125552379e+00
0.000000000000000000e+00
0.000000000000000000e+00
0.000000000000000000e+00
0.000000000000000000e+00
1.000000000000000000e+00
1.000000000000000000e+00
1.000000000000000000e+00
1.000000000000000000e+00
1.000000000000000000e+00
1.000000000000000000e+00
1.000000000000000000e+00
