5.402751916452538938e-02
-3.042544983739358874e-02
2.824045262550337054e-01
2.195461337840333704e-01
1.413284784218907519e-01
2.740854038988353558e+00
-2.955261544896499171e-01
-1.149445839884568832e+00
3.857134828592139630e+00
4.773843368495016648e+02
9.632186982376767403e+00
-9.046595647841518327e-05
-5.086470485714199275e-05
-1.226426388301970899e-01
-1.080189987898565358e-02
8.229228569776004809e-01
3.380047500689104499e-03
3.375852649704203564e-03
6.332209878491720442e-03
2.540525103400748108e-02
4.189075095472100108e-02
3.138884695405538827e-01
