5.802198227121561913e-02
-3.160934509655823066e-02
2.453480135927736949e-01
1.808149665501637693e-01
2.011780626599642130e-01
3.090429255239012907e+00
1.183601781319232882e-01
1.366124982685852120e-02
-9.940542701262952141e-01
-2.865165518164921465e+01
-1.471386926974763698e+00
-1.009159452668661702e-04
-4.921706466323371962e-06
-1.208452235594136420e-01
-1.096963709644864851e-02
8.685280159552245527e-01
2.270046857511964604e-03
2.042851155865984224e-03
2.463907639197212944e-03
7.884887575017766187e-03
2.472310479135397115e-02
2.059025456021611744e-01
