4.429109433069355339e-01
-1.729899176772788927e-01
3.064749132277008181e-01
5.275847589092779177e-01
1.427815697137595041e+00
5.931773665800999851e+00
3.331514929194434593e-02
4.071317140977873117e-01
-1.885892319997847899e+00
-2.025617069576968632e+01
-2.325439900453075026e+00
0.000000000000000000e+00
0.000000000000000000e+00
0.000000000000000000e+00
0.000000000000000000e+00
1.000000000000000000e+00
1.000000000000000000e+00
1.000000000000000000e+00
1.000000000000000000e+00
1.000000000000000000e+00
1.000000000000000000e+00
1.000000000000000000e+00
