5.802198227121568852e-02
-3.160934509655811964e-02
2.453480135927729733e-01
1.808149665501636583e-01
2.011780626599641297e-01
3.090429255239014239e+00
1.183601781319233021e-01
1.366124982685855763e-02
-9.940542701262954361e-01
-2.865165518164921465e+01
-1.471386926974763032e+00
-1.009159452668677558e-04
-4.921706466322900165e-06
-1.208452235594135171e-01
-1.096963709644926434e-02
8.685280159552245527e-01
2.270046857511965038e-03
2.042851155865990729e-03
2.463907639197213811e-03
7.884887575017767922e-03
2.472310479135395381e-02
2.059025456021612022e-01
