5.802198227121573015e-02
-3.160934509655800168e-02
2.453480135927726125e-01
1.808149665501637970e-01
2.011780626599649069e-01
3.090429255239012019e+00
1.183601781319233021e-01
1.366124982685846048e-02
-9.940542701262953251e-01
-2.865165518164919334e+01
-1.471386926974762144e+00
-1.009159452668664683e-04
-4.921706466323539675e-06
-1.208452235594133783e-01
-1.096963709644922791e-02
8.685280159552247747e-01
2.270046857511964170e-03
2.042851155865989428e-03
2.463907639197214245e-03
7.884887575017766187e-03
2.472310479135395381e-02
2.059025456021613132e-01
