5.802198227121566076e-02
-3.160934509655811964e-02
2.453480135927733341e-01
1.808149665501642134e-01
2.011780626599629640e-01
3.090429255239009354e+00
1.183601781319232743e-01
1.366124982685894794e-02
-9.940542701262953251e-01
-2.865165518164923597e+01
-1.471386926974764364e+00
-1.009159452668664141e-04
-4.921706466323024679e-06
-1.208452235594135032e-01
-1.096963709644884280e-02
8.685280159552251078e-01
2.270046857511966339e-03
2.042851155865990729e-03
2.463907639197215112e-03
7.884887575017767922e-03
2.472310479135396422e-02
2.059025456021612854e-01
