4.269203300805219925e-01
-6.381062289238526031e-02
2.964437484938653444e-01
4.440536332672375686e-01
1.280651260754855691e+00
8.611866000855762593e+00
2.921965875376480448e-01
1.117739401932447141e-01
-2.362404917079580002e+00
-1.083629349437379830e+01
-5.801497709282864790e+00
0.000000000000000000e+00
0.000000000000000000e+00
0.000000000000000000e+00
0.000000000000000000e+00
1.000000000000000000e+00
1.000000000000000000e+00
1.000000000000000000e+00
1.000000000000000000e+00
1.000000000000000000e+00
1.000000000000000000e+00
1.000000000000000000e+00
