5.802198227121595914e-02
-3.160934509655809882e-02
2.453480135927703920e-01
1.808149665501637693e-01
2.011780626599661004e-01
3.090429255239012019e+00
1.183601781319233159e-01
1.366124982685808058e-02
-9.940542701262952141e-01
-2.865165518164920044e+01
-1.471386926974761256e+00
-1.009159452668679049e-04
-4.921706466323048396e-06
-1.208452235594134616e-01
-1.096963709644858433e-02
8.685280159552248858e-01
2.270046857511963303e-03
2.042851155865989428e-03
2.463907639197214679e-03
7.884887575017766187e-03
2.472310479135389136e-02
2.059025456021614797e-01
