5.802198227121582730e-02
-3.160934509655807106e-02
2.453480135927716965e-01
1.808149665501636583e-01
2.011780626599663502e-01
3.090429255239013351e+00
1.183601781319233298e-01
1.366124982685815691e-02
-9.940542701262954361e-01
-2.865165518164915781e+01
-1.471386926974760812e+00
-1.009159452668675661e-04
-4.921706466323602355e-06
-1.208452235594135171e-01
-1.096963709644916719e-02
8.685280159552247747e-01
2.270046857511963303e-03
2.042851155865995933e-03
2.463907639197214245e-03
7.884887575017766187e-03
2.472310479135393299e-02
2.059025456021613409e-01
