8.792196056491208278e-02
-4.758670061070631174e-01
4.982750486596623229e-01
1.585489237314920530e+00
-5.349379418077080395e-01
2.969480862466732596e+00
1.674542777878598732e-01
3.335857142298896960e-01
-3.052481257824511740e+00
-3.923566257311882310e+01
-8.160091614804324323e+00
0.000000000000000000e+00
0.000000000000000000e+00
0.000000000000000000e+00
0.000000000000000000e+00
1.000000000000000000e+00
1.000000000000000000e+00
1.000000000000000000e+00
1.000000000000000000e+00
1.000000000000000000e+00
1.000000000000000000e+00
1.000000000000000000e+00
