5.802198227121575791e-02
-3.160934509655828617e-02
2.453480135927724182e-01
1.808149665501640746e-01
2.011780626599650179e-01
3.090429255239009798e+00
1.183601781319232882e-01
1.366124982685849171e-02
-9.940542701262952141e-01
-2.865165518164923242e+01
-1.471386926974763476e+00
-1.009159452668652351e-04
-4.921706466322981480e-06
-1.208452235594134616e-01
-1.096963709644867106e-02
8.685280159552251078e-01
2.270046857511964170e-03
2.042851155865988561e-03
2.463907639197213378e-03
7.884887575017766187e-03
2.472310479135394340e-02
2.059025456021613409e-01
