3.725639087359756685e-01
1.271868490888556913e-01
6.547901234815906024e-01
1.419523727038823013e+00
1.388185131372382308e+00
8.216790145506919885e+00
2.478024483703842873e-01
4.644175056839356941e-01
-1.936824916249973327e+00
-2.810387326461352586e+00
-5.525348359462318726e+00
0.000000000000000000e+00
0.000000000000000000e+00
0.000000000000000000e+00
0.000000000000000000e+00
1.000000000000000000e+00
1.000000000000000000e+00
1.000000000000000000e+00
1.000000000000000000e+00
1.000000000000000000e+00
1.000000000000000000e+00
1.000000000000000000e+00
