5.802198227121561219e-02
-3.160934509655820290e-02
2.453480135927737227e-01
1.808149665501636305e-01
2.011780626599653232e-01
3.090429255239013795e+00
1.183601781319233021e-01
1.366124982685846395e-02
-9.940542701262953251e-01
-2.865165518164920044e+01
-1.471386926974763476e+00
-1.009159452668673221e-04
-4.921706466323009432e-06
-1.208452235594136420e-01
-1.096963709644782105e-02
8.685280159552244417e-01
2.270046857511964170e-03
2.042851155865992897e-03
2.463907639197213378e-03
7.884887575017766187e-03
2.472310479135396769e-02
2.059025456021612299e-01
