5.802198227121575791e-02
-3.160934509655809882e-02
2.453480135927723349e-01
1.808149665501638526e-01
2.011780626599645183e-01
3.090429255239012019e+00
1.183601781319233159e-01
1.366124982685846222e-02
-9.940542701262954361e-01
-2.865165518164921821e+01
-1.471386926974763032e+00
-1.009159452668676745e-04
-4.921706466322973857e-06
-1.208452235594135032e-01
-1.096963709644838830e-02
8.685280159552247747e-01
2.270046857511964170e-03
2.042851155865987693e-03
2.463907639197214245e-03
7.884887575017766187e-03
2.472310479135392605e-02
2.059025456021613132e-01
