5.802198227121579260e-02
-3.160934509655820984e-02
2.453480135927720851e-01
1.808149665501637970e-01
2.011780626599664612e-01
3.090429255239012019e+00
1.183601781319233576e-01
1.366124982685826793e-02
-9.940542701262957692e-01
-2.865165518164922531e+01
-1.471386926974763476e+00
-1.009159452668672544e-04
-4.921706466322636738e-06
-1.208452235594134616e-01
-1.096963709644865545e-02
8.685280159552251078e-01
2.270046857511964170e-03
2.042851155865991163e-03
2.463907639197212944e-03
7.884887575017762718e-03
2.472310479135391911e-02
2.059025456021612299e-01
