4.818893868699495875e-01
4.772485968078792329e-01
2.267374359926884742e-01
2.481340026389755593e-02
1.950985655673204366e+00
8.743503629729204363e+00
4.766842677536624051e-01
2.528144513122158044e-01
-4.302492550042606112e+00
-2.298194924613562407e+01
-3.257175363592262229e+00
0.000000000000000000e+00
0.000000000000000000e+00
0.000000000000000000e+00
0.000000000000000000e+00
1.000000000000000000e+00
1.000000000000000000e+00
1.000000000000000000e+00
1.000000000000000000e+00
1.000000000000000000e+00
1.000000000000000000e+00
1.000000000000000000e+00
