1.307285897788135198e-02
1.198434023506483870e-01
4.048345400020921803e-01
3.204365349445639222e-01
-2.365811697079718279e-01
3.407120883647830389e+00
8.090852246719437701e-02
2.780554777750596784e-01
-2.860359966298563705e+00
-1.414468114812179778e+01
-9.536951425755555434e+00
0.000000000000000000e+00
0.000000000000000000e+00
0.000000000000000000e+00
0.000000000000000000e+00
1.000000000000000000e+00
1.000000000000000000e+00
1.000000000000000000e+00
1.000000000000000000e+00
1.000000000000000000e+00
1.000000000000000000e+00
1.000000000000000000e+00
