1.042302686794213118e-01
-1.831893823663410803e-02
4.205380353143747252e-01
1.718363997042688274e+00
-1.315353785553306842e+00
3.388639606037004093e+00
1.352664166489155884e-01
3.455206752247980684e-01
-3.677572900173646353e+00
-9.402453973065668436e+00
-9.894731256838916522e+00
0.000000000000000000e+00
0.000000000000000000e+00
0.000000000000000000e+00
0.000000000000000000e+00
1.000000000000000000e+00
1.000000000000000000e+00
1.000000000000000000e+00
1.000000000000000000e+00
1.000000000000000000e+00
1.000000000000000000e+00
1.000000000000000000e+00
