5.802198227121577179e-02
-3.160934509655791147e-02
2.453480135927721684e-01
1.808149665501638248e-01
2.011780626599643518e-01
3.090429255239012463e+00
1.183601781319232743e-01
1.366124982685865824e-02
-9.940542701262951031e-01
-2.865165518164919334e+01
-1.471386926974761700e+00
-1.009159452668674983e-04
-4.921706466322895083e-06
-1.208452235594134477e-01
-1.096963709644833626e-02
8.685280159552248858e-01
2.270046857511963737e-03
2.042851155865992030e-03
2.463907639197214679e-03
7.884887575017767922e-03
2.472310479135393299e-02
2.059025456021612577e-01
