1.045268317870963748e-01
-4.164211150033069186e-01
5.871069040453903431e-01
1.341471553368133840e+00
1.826476293046335186e-01
9.444277505312015819e+00
1.476168125662735697e-01
1.731469569156329769e-01
-2.404966858730789081e+00
-2.306062658683326561e+01
-4.275699712959672105e+00
0.000000000000000000e+00
0.000000000000000000e+00
0.000000000000000000e+00
0.000000000000000000e+00
1.000000000000000000e+00
1.000000000000000000e+00
1.000000000000000000e+00
1.000000000000000000e+00
1.000000000000000000e+00
1.000000000000000000e+00
1.000000000000000000e+00
