2.111463892239143769e-01
1.897253112123609142e-02
2.933336016731500351e-01
1.913461837706318835e+00
-8.653906507288002814e-01
8.195634593321036832e+00
1.576040859135824368e-01
9.899494597193697620e-02
-4.935859737705508010e+00
-4.399287630129305171e+01
-6.062964065936425229e+00
0.000000000000000000e+00
0.000000000000000000e+00
0.000000000000000000e+00
0.000000000000000000e+00
1.000000000000000000e+00
1.000000000000000000e+00
1.000000000000000000e+00
1.000000000000000000e+00
1.000000000000000000e+00
1.000000000000000000e+00
1.000000000000000000e+00
