5.802198227121574403e-02
-3.160934509655816127e-02
2.453480135927726125e-01
1.808149665501638248e-01
2.011780626599655453e-01
3.090429255239012019e+00
1.183601781319233437e-01
1.366124982685841364e-02
-9.940542701262956582e-01
-2.865165518164920044e+01
-1.471386926974762810e+00
-1.009159452668668342e-04
-4.921706466323152581e-06
-1.208452235594133228e-01
-1.096963709644951414e-02
8.685280159552251078e-01
2.270046857511965038e-03
2.042851155865990295e-03
2.463907639197213811e-03
7.884887575017767922e-03
2.472310479135394687e-02
2.059025456021612022e-01
