2.398246442168795456e-01
4.124664421066711606e-01
6.904178207533427925e-01
1.178761749223969257e+00
-1.972172441285352740e+00
4.105494285911258423e+00
2.877202461515181997e-01
2.316801274418697765e-01
-4.615456720702550975e+00
-3.430068253737020711e+01
-5.387319919796410339e+00
0.000000000000000000e+00
0.000000000000000000e+00
0.000000000000000000e+00
0.000000000000000000e+00
1.000000000000000000e+00
1.000000000000000000e+00
1.000000000000000000e+00
1.000000000000000000e+00
1.000000000000000000e+00
1.000000000000000000e+00
1.000000000000000000e+00
