5.802198227121561219e-02
-3.160934509655815433e-02
2.453480135927738337e-01
1.808149665501644354e-01
2.011780626599643795e-01
3.090429255239006245e+00
1.183601781319231910e-01
1.366124982685888549e-02
-9.940542701262944369e-01
-2.865165518164927505e+01
-1.471386926974764808e+00
-1.009159452668649776e-04
-4.921706466323017903e-06
-1.208452235594134061e-01
-1.096963709644805003e-02
8.685280159552253298e-01
2.270046857511963737e-03
2.042851155865988994e-03
2.463907639197213811e-03
7.884887575017766187e-03
2.472310479135398503e-02
2.059025456021614520e-01
