3.443979759081284286e-01
-4.935963175938394842e-01
3.259834891065511719e-01
3.660819717978534005e-01
-5.086994088147469562e-01
9.831289429954367165e+00
1.815824819887763009e-01
4.028162984428970694e-01
-4.574169928114208972e-01
-1.466131602710719761e+01
-8.137616970570208608e+00
0.000000000000000000e+00
0.000000000000000000e+00
0.000000000000000000e+00
0.000000000000000000e+00
1.000000000000000000e+00
1.000000000000000000e+00
1.000000000000000000e+00
1.000000000000000000e+00
1.000000000000000000e+00
1.000000000000000000e+00
1.000000000000000000e+00
