3.250768027358745260e-01
4.481091658402698297e-01
3.880288867840062661e-01
1.282592316291891299e+00
7.620482176258027707e-01
1.266093077744536721e+00
1.197333879859642236e-01
1.270785336303587587e-01
-2.441350124110694964e+00
-8.049872645771692703e+00
-2.549663531218449464e+00
0.000000000000000000e+00
0.000000000000000000e+00
0.000000000000000000e+00
0.000000000000000000e+00
1.000000000000000000e+00
1.000000000000000000e+00
1.000000000000000000e+00
1.000000000000000000e+00
1.000000000000000000e+00
1.000000000000000000e+00
1.000000000000000000e+00
