5.802198227121569546e-02
-3.160934509655798780e-02
2.453480135927729178e-01
1.808149665501638803e-01
2.011780626599656563e-01
3.090429255239011130e+00
1.183601781319232327e-01
1.366124982685863916e-02
-9.940542701262947700e-01
-2.865165518164921110e+01
-1.471386926974762366e+00
-1.009159452668668749e-04
-4.921706466322442767e-06
-1.208452235594134061e-01
-1.096963709644945863e-02
8.685280159552251078e-01
2.270046857511963737e-03
2.042851155865994632e-03
2.463907639197214679e-03
7.884887575017766187e-03
2.472310479135396422e-02
2.059025456021612854e-01
