1.000431677922736795e-01
1.877386695703211483e-01
9.335620837156727303e-01
2.787331607569867309e-01
-1.511382176743736760e+00
8.279697893632963712e+00
4.647004971416028862e-01
3.733213322531593881e-01
-2.034010887455166561e+00
-3.496316222861045730e+01
-7.211181000873258640e+00
0.000000000000000000e+00
0.000000000000000000e+00
0.000000000000000000e+00
0.000000000000000000e+00
1.000000000000000000e+00
1.000000000000000000e+00
1.000000000000000000e+00
1.000000000000000000e+00
1.000000000000000000e+00
1.000000000000000000e+00
1.000000000000000000e+00
