5.802198227121576485e-02
-3.160934509655820984e-02
2.453480135927723627e-01
1.808149665501637693e-01
2.011780626599668220e-01
3.090429255239012019e+00
1.183601781319232882e-01
1.366124982685820895e-02
-9.940542701262949921e-01
-2.865165518164919334e+01
-1.471386926974761922e+00
-1.009159452668669291e-04
-4.921706466322821391e-06
-1.208452235594133922e-01
-1.096963709644861902e-02
8.685280159552251078e-01
2.270046857511962436e-03
2.042851155865994198e-03
2.463907639197214245e-03
7.884887575017762718e-03
2.472310479135394340e-02
2.059025456021612854e-01
