5.802198227121571628e-02
-3.160934509655807800e-02
2.453480135927727235e-01
1.808149665501637693e-01
2.011780626599647959e-01
3.090429255239012907e+00
1.183601781319233159e-01
1.366124982685853854e-02
-9.940542701262954361e-01
-2.865165518164920400e+01
-1.471386926974763032e+00
-1.009159452668676745e-04
-4.921706466323097524e-06
-1.208452235594135310e-01
-1.096963709644838830e-02
8.685280159552248858e-01
2.270046857511965038e-03
2.042851155865993331e-03
2.463907639197212944e-03
7.884887575017764452e-03
2.472310479135393646e-02
2.059025456021613132e-01
