4.231359820734281740e-02
1.579339147573620705e-01
4.132471754390575347e-01
1.415540541054862489e+00
-1.915764344462143942e+00
8.294973608176984925e+00
4.488159106371181206e-01
2.132292275108287338e-01
-2.126182947179979799e+00
-1.924837506117042452e+01
-3.055766275269333754e+00
0.000000000000000000e+00
0.000000000000000000e+00
0.000000000000000000e+00
0.000000000000000000e+00
1.000000000000000000e+00
1.000000000000000000e+00
1.000000000000000000e+00
1.000000000000000000e+00
1.000000000000000000e+00
1.000000000000000000e+00
1.000000000000000000e+00
