1.056189377047880296e-01
3.896771093126540908e-01
3.302852162981573247e-02
1.689217051037229522e+00
-1.245122151652117370e+00
2.579560190435695510e+00
8.526119826488448572e-02
2.362411955907178784e-01
1.573255230832613094e-01
-5.803631496542202228e+00
-3.024763871213779431e+00
0.000000000000000000e+00
0.000000000000000000e+00
0.000000000000000000e+00
0.000000000000000000e+00
1.000000000000000000e+00
1.000000000000000000e+00
1.000000000000000000e+00
1.000000000000000000e+00
1.000000000000000000e+00
1.000000000000000000e+00
1.000000000000000000e+00
