5.802198227121566770e-02
-3.160934509655814739e-02
2.453480135927732786e-01
1.808149665501638526e-01
2.011780626599646848e-01
3.090429255239012019e+00
1.183601781319233159e-01
1.366124982685873630e-02
-9.940542701262955472e-01
-2.865165518164920755e+01
-1.471386926974763698e+00
-1.009159452668652893e-04
-4.921706466322878989e-06
-1.208452235594134061e-01
-1.096963709644847504e-02
8.685280159552251078e-01
2.270046857511965471e-03
2.042851155865993765e-03
2.463907639197213378e-03
7.884887575017764452e-03
2.472310479135395381e-02
2.059025456021612022e-01
