3.776873387787427205e-03
2.646596370330347447e-01
9.956101043744312040e-01
5.131036137885112147e-01
1.374511802275226735e-01
8.185144776103137065e-01
1.793197007239605290e-01
2.383025050334639516e-01
-5.427220934157865884e-01
-6.001140821306449880e-02
-1.719410938197022176e+00
0.000000000000000000e+00
0.000000000000000000e+00
0.000000000000000000e+00
0.000000000000000000e+00
1.000000000000000000e+00
1.000000000000000000e+00
1.000000000000000000e+00
1.000000000000000000e+00
1.000000000000000000e+00
1.000000000000000000e+00
1.000000000000000000e+00
