5.802198227121569546e-02
-3.160934509655808494e-02
2.453480135927728900e-01
1.808149665501638248e-01
2.011780626599646848e-01
3.090429255239012463e+00
1.183601781319232882e-01
1.366124982685853854e-02
-9.940542701262952141e-01
-2.865165518164922176e+01
-1.471386926974763254e+00
-1.009159452668660211e-04
-4.921706466323069572e-06
-1.208452235594135726e-01
-1.096963709644823044e-02
8.685280159552245527e-01
2.270046857511965038e-03
2.042851155865988127e-03
2.463907639197213811e-03
7.884887575017767922e-03
2.472310479135393646e-02
2.059025456021612577e-01
