5.802198227121575097e-02
-3.160934509655796004e-02
2.453480135927724182e-01
1.808149665501643244e-01
2.011780626599644906e-01
3.090429255239007578e+00
1.183601781319231910e-01
1.366124982685898784e-02
-9.940542701262945480e-01
-2.865165518164924663e+01
-1.471386926974763254e+00
-1.009159452668654790e-04
-4.921706466322465637e-06
-1.208452235594133228e-01
-1.096963709644940832e-02
8.685280159552251078e-01
2.270046857511964170e-03
2.042851155865997234e-03
2.463907639197214679e-03
7.884887575017766187e-03
2.472310479135393993e-02
2.059025456021613409e-01
