5.802198227121568158e-02
-3.160934509655814045e-02
2.453480135927730843e-01
1.808149665501642134e-01
2.011780626599638522e-01
3.090429255239008910e+00
1.183601781319232604e-01
1.366124982685888896e-02
-9.940542701262952141e-01
-2.865165518164922887e+01
-1.471386926974764142e+00
-1.009159452668673086e-04
-4.921706466322317406e-06
-1.208452235594135032e-01
-1.096963709644798411e-02
8.685280159552251078e-01
2.270046857511966339e-03
2.042851155865994632e-03
2.463907639197213811e-03
7.884887575017766187e-03
2.472310479135395728e-02
2.059025456021612299e-01
