5.802198227121574403e-02
-3.160934509655816127e-02
2.453480135927725014e-01
1.808149665501640746e-01
2.011780626599636301e-01
3.090429255239010242e+00
1.183601781319232604e-01
1.366124982685863222e-02
-9.940542701262949921e-01
-2.865165518164920755e+01
-1.471386926974762810e+00
-1.009159452668660753e-04
-4.921706466322870519e-06
-1.208452235594135032e-01
-1.096963709644917934e-02
8.685280159552248858e-01
2.270046857511964604e-03
2.042851155865994198e-03
2.463907639197214679e-03
7.884887575017766187e-03
2.472310479135395034e-02
2.059025456021613132e-01
