6.527677466904152626e-02
1.504745203510193807e-02
3.943036778865181002e-01
1.308552647739153585e+00
-8.567478744006771230e-01
2.196332418548640142e+00
3.284066130056119137e-01
4.449809509574315647e-01
-2.753401417462164602e-01
-1.536715104226772866e+01
-8.315439157356488309e+00
0.000000000000000000e+00
0.000000000000000000e+00
0.000000000000000000e+00
0.000000000000000000e+00
1.000000000000000000e+00
1.000000000000000000e+00
1.000000000000000000e+00
1.000000000000000000e+00
1.000000000000000000e+00
1.000000000000000000e+00
1.000000000000000000e+00
