5.242126322393519944e-02
-6.851016090669681535e-02
6.537631264771367468e-01
1.752156364370627273e+00
1.625769384828772868e+00
9.655809274475332771e+00
2.827959825395132687e-01
7.632371714354185821e-02
-3.703094622409626613e+00
-1.990694268967604330e+01
-5.925297321075553292e+00
0.000000000000000000e+00
0.000000000000000000e+00
0.000000000000000000e+00
0.000000000000000000e+00
1.000000000000000000e+00
1.000000000000000000e+00
1.000000000000000000e+00
1.000000000000000000e+00
1.000000000000000000e+00
1.000000000000000000e+00
1.000000000000000000e+00
