3.591454370995380008e-01
-3.745915195605419301e-01
2.889184326401954550e-01
8.621648075827874624e-01
-1.216595854155615442e+00
6.316597770166863413e+00
3.574454553422395930e-01
4.640398542594947329e-01
-5.216706760969014312e-01
-2.142420089894794799e+01
-9.500615058800860879e+00
0.000000000000000000e+00
0.000000000000000000e+00
0.000000000000000000e+00
0.000000000000000000e+00
1.000000000000000000e+00
1.000000000000000000e+00
1.000000000000000000e+00
1.000000000000000000e+00
1.000000000000000000e+00
1.000000000000000000e+00
1.000000000000000000e+00
