3.802581976798812824e-01
-4.787030826934398631e-01
8.288798212486365724e-01
1.292646378921675110e+00
-1.825991644598348174e-01
7.271643250496130584e+00
3.937030826352936330e-01
2.249341672905753042e-01
-4.663882376997241508e-01
-1.250731310829826270e+01
-4.792387650365537155e-01
0.000000000000000000e+00
0.000000000000000000e+00
0.000000000000000000e+00
0.000000000000000000e+00
1.000000000000000000e+00
1.000000000000000000e+00
1.000000000000000000e+00
1.000000000000000000e+00
1.000000000000000000e+00
1.000000000000000000e+00
1.000000000000000000e+00
