5.802198227121579260e-02
-3.160934509655789065e-02
2.453480135927719463e-01
1.808149665501638248e-01
2.011780626599646848e-01
3.090429255239012019e+00
1.183601781319232743e-01
1.366124982685855242e-02
-9.940542701262951031e-01
-2.865165518164916847e+01
-1.471386926974761478e+00
-1.009159452668651537e-04
-4.921706466322913718e-06
-1.208452235594133367e-01
-1.096963709644930597e-02
8.685280159552253298e-01
2.270046857511963737e-03
2.042851155865987693e-03
2.463907639197212944e-03
7.884887575017766187e-03
2.472310479135392258e-02
2.059025456021612299e-01
