1.687735521160416141e-02
-1.089249203441533531e-02
8.460850972808828807e-01
8.228039996195488648e-01
5.256614949230589140e-01
2.909432372661340249e+00
2.714001444651046868e-01
1.140906899516518913e-01
-3.558342023477588434e+00
-2.327123646785203448e+00
-3.541895678349151311e+00
0.000000000000000000e+00
0.000000000000000000e+00
0.000000000000000000e+00
0.000000000000000000e+00
1.000000000000000000e+00
1.000000000000000000e+00
1.000000000000000000e+00
1.000000000000000000e+00
1.000000000000000000e+00
1.000000000000000000e+00
1.000000000000000000e+00
