8.276981214175405110e-02
5.010436602210610602e-02
8.608718021110578489e-01
1.235867447877988079e+00
1.784985548455752635e+00
5.608579715383612552e+00
4.347937429093390871e-01
8.620023725484671218e-02
-2.286697827338894040e+00
-2.369336665037181788e+01
-5.636658504375069434e+00
0.000000000000000000e+00
0.000000000000000000e+00
0.000000000000000000e+00
0.000000000000000000e+00
1.000000000000000000e+00
1.000000000000000000e+00
1.000000000000000000e+00
1.000000000000000000e+00
1.000000000000000000e+00
1.000000000000000000e+00
1.000000000000000000e+00
