5.802198227121569546e-02
-3.160934509655813351e-02
2.453480135927729733e-01
1.808149665501640191e-01
2.011780626599649069e-01
3.090429255239010242e+00
1.183601781319232743e-01
1.366124982685851773e-02
-9.940542701262951031e-01
-2.865165518164920400e+01
-1.471386926974763032e+00
-1.009159452668659669e-04
-4.921706466323495629e-06
-1.208452235594134755e-01
-1.096963709644825993e-02
8.685280159552248858e-01
2.270046857511965038e-03
2.042851155865992464e-03
2.463907639197213378e-03
7.884887575017766187e-03
2.472310479135395034e-02
2.059025456021613409e-01
