5.802198227121573015e-02
-3.160934509655818209e-02
2.453480135927726402e-01
1.808149665501640191e-01
2.011780626599657673e-01
3.090429255239009798e+00
1.183601781319232882e-01
1.366124982685845354e-02
-9.940542701262951031e-01
-2.865165518164924663e+01
-1.471386926974763920e+00
-1.009159452668681082e-04
-4.921706466323698070e-06
-1.208452235594134894e-01
-1.096963709644779156e-02
8.685280159552247747e-01
2.270046857511963303e-03
2.042851155865993331e-03
2.463907639197213811e-03
7.884887575017767922e-03
2.472310479135392952e-02
2.059025456021614520e-01
