5.802198227121579954e-02
-3.160934509655800861e-02
2.453480135927720018e-01
1.808149665501642689e-01
2.011780626599667665e-01
3.090429255239007134e+00
1.183601781319232465e-01
1.366124982685859406e-02
-9.940542701262948810e-01
-2.865165518164924308e+01
-1.471386926974763254e+00
-1.009159452668650860e-04
-4.921706466323287259e-06
-1.208452235594132396e-01
-1.096963709644901280e-02
8.685280159552254409e-01
2.270046857511963737e-03
2.042851155865995499e-03
2.463907639197214245e-03
7.884887575017766187e-03
2.472310479135392258e-02
2.059025456021615352e-01
