4.050949424496108620e-02
2.826065206021031173e-01
5.783019620566710595e-01
1.293479060495064781e+00
1.395574707815558924e-01
3.426630911212614983e+00
4.259877171737101453e-01
4.414926667098190149e-01
-1.080400575666193852e+00
-4.177418834317825969e+01
-5.922647178852002980e-02
0.000000000000000000e+00
0.000000000000000000e+00
0.000000000000000000e+00
0.000000000000000000e+00
1.000000000000000000e+00
1.000000000000000000e+00
1.000000000000000000e+00
1.000000000000000000e+00
1.000000000000000000e+00
1.000000000000000000e+00
1.000000000000000000e+00
