1.675192031733284681e-01
4.129242250734965758e-03
6.309193032272054635e-01
4.897397738163575820e-01
7.990999097170043974e-01
4.266235198847571297e+00
2.395662560333566282e-01
4.816320562809228711e-02
-1.328530754502901701e+00
-3.828717929913451457e+01
-8.324235321747153193e-01
0.000000000000000000e+00
0.000000000000000000e+00
0.000000000000000000e+00
0.000000000000000000e+00
1.000000000000000000e+00
1.000000000000000000e+00
1.000000000000000000e+00
1.000000000000000000e+00
1.000000000000000000e+00
1.000000000000000000e+00
1.000000000000000000e+00
