5.802198227121586199e-02
-3.160934509655795310e-02
2.453480135927713635e-01
1.808149665501637693e-01
2.011780626599652955e-01
3.090429255239012463e+00
1.183601781319233853e-01
1.366124982685843967e-02
-9.940542701262961023e-01
-2.865165518164918268e+01
-1.471386926974761700e+00
-1.009159452668636494e-04
-4.921706466322638432e-06
-1.208452235594132534e-01
-1.096963709644927475e-02
8.685280159552254409e-01
2.270046857511965905e-03
2.042851155865998535e-03
2.463907639197213378e-03
7.884887575017764452e-03
2.472310479135390870e-02
2.059025456021612299e-01
