1.837318607010763327e-01
2.622557165635130971e-01
1.904350474146248029e-01
2.858813434552198718e-01
4.839407332711425092e-01
3.839710624415582085e-01
4.577672628613471684e-02
1.908802754526623402e-01
-1.496905415410250129e-01
-6.384734210943889821e-01
-2.463828946454327706e+00
0.000000000000000000e+00
0.000000000000000000e+00
0.000000000000000000e+00
0.000000000000000000e+00
1.000000000000000000e+00
1.000000000000000000e+00
1.000000000000000000e+00
1.000000000000000000e+00
1.000000000000000000e+00
1.000000000000000000e+00
1.000000000000000000e+00
