5.802198227121573709e-02
-3.160934509655802943e-02
2.453480135927725014e-01
1.808149665501641579e-01
2.011780626599651289e-01
3.090429255239008910e+00
1.183601781319232604e-01
1.366124982685861140e-02
-9.940542701262949921e-01
-2.865165518164923597e+01
-1.471386926974763698e+00
-1.009159452668675525e-04
-4.921706466322662149e-06
-1.208452235594134616e-01
-1.096963709644899025e-02
8.685280159552248858e-01
2.270046857511963737e-03
2.042851155865994198e-03
2.463907639197212077e-03
7.884887575017764452e-03
2.472310479135393299e-02
2.059025456021613687e-01
