4.738161284258351480e-01
-2.734525788682770076e-01
5.944201443911325544e-01
8.566173698593895214e-01
1.056562746215480075e+00
2.860591680942770054e-02
1.787118406436808415e-01
4.548474428319542184e-01
-2.263514087250483087e+00
-9.098645420835680397e-01
-1.326430095397817865e+00
0.000000000000000000e+00
0.000000000000000000e+00
0.000000000000000000e+00
0.000000000000000000e+00
1.000000000000000000e+00
1.000000000000000000e+00
1.000000000000000000e+00
1.000000000000000000e+00
1.000000000000000000e+00
1.000000000000000000e+00
1.000000000000000000e+00
