2.764999629686792915e-01
-2.641677692756563278e-01
1.785745840327069844e-01
1.407098712882258962e+00
5.769967816345644707e-02
7.903066656616561936e+00
3.641705036047117039e-01
2.837281761572404415e-01
-2.838466266980557151e+00
-3.218353603567641130e+01
-6.841945131312022532e+00
0.000000000000000000e+00
0.000000000000000000e+00
0.000000000000000000e+00
0.000000000000000000e+00
1.000000000000000000e+00
1.000000000000000000e+00
1.000000000000000000e+00
1.000000000000000000e+00
1.000000000000000000e+00
1.000000000000000000e+00
1.000000000000000000e+00
