5.802198227121580648e-02
-3.160934509655812658e-02
2.453480135927718353e-01
1.808149665501636028e-01
2.011780626599651844e-01
3.090429255239014683e+00
1.183601781319233298e-01
1.366124982685835466e-02
-9.940542701262955472e-01
-2.865165518164921465e+01
-1.471386926974763032e+00
-1.009159452668686503e-04
-4.921706466323044161e-06
-1.208452235594135588e-01
-1.096963709644914811e-02
8.685280159552248858e-01
2.270046857511964170e-03
2.042851155865987693e-03
2.463907639197213811e-03
7.884887575017766187e-03
2.472310479135391911e-02
2.059025456021611467e-01
