5.802198227121563301e-02
-3.160934509655802943e-02
2.453480135927735284e-01
1.808149665501635750e-01
2.011780626599646571e-01
3.090429255239014683e+00
1.183601781319232882e-01
1.366124982685859059e-02
-9.940542701262952141e-01
-2.865165518164920400e+01
-1.471386926974763254e+00
-1.009159452668683792e-04
-4.921706466323137334e-06
-1.208452235594135449e-01
-1.096963709644906138e-02
8.685280159552248858e-01
2.270046857511965038e-03
2.042851155865985958e-03
2.463907639197213378e-03
7.884887575017766187e-03
2.472310479135396769e-02
2.059025456021611467e-01
