4.486258389000769009e-01
6.348448399108419515e-02
9.725484860347570759e-01
8.965437130307312152e-01
2.740898302794811947e-01
8.798718673991622552e+00
1.722748301912950808e-01
4.845425698347073373e-01
-3.714689512836026442e+00
-7.776956418663111492e+00
-2.155378281727800882e+00
0.000000000000000000e+00
0.000000000000000000e+00
0.000000000000000000e+00
0.000000000000000000e+00
1.000000000000000000e+00
1.000000000000000000e+00
1.000000000000000000e+00
1.000000000000000000e+00
1.000000000000000000e+00
1.000000000000000000e+00
1.000000000000000000e+00
