5.802198227121563995e-02
-3.160934509655796004e-02
2.453480135927734729e-01
1.808149665501635750e-01
2.011780626599634914e-01
3.090429255239015127e+00
1.183601781319233576e-01
1.366124982685894274e-02
-9.940542701262961023e-01
-2.865165518164919689e+01
-1.471386926974763698e+00
-1.009159452668668478e-04
-4.921706466323113617e-06
-1.208452235594135032e-01
-1.096963709644862596e-02
8.685280159552248858e-01
2.270046857511967206e-03
2.042851155865988127e-03
2.463907639197213811e-03
7.884887575017766187e-03
2.472310479135395034e-02
2.059025456021611189e-01
