1.727136381333583826e-01
-2.160063436911251467e-01
7.577662574711686583e-01
5.584747627369812673e-01
-1.191316698761152981e+00
3.674033714262220585e+00
3.340436585633632660e-02
3.413398810891616342e-01
-2.478085018068760803e-01
-8.913366810116798433e+00
-5.369008123957162759e+00
0.000000000000000000e+00
0.000000000000000000e+00
0.000000000000000000e+00
0.000000000000000000e+00
1.000000000000000000e+00
1.000000000000000000e+00
1.000000000000000000e+00
1.000000000000000000e+00
1.000000000000000000e+00
1.000000000000000000e+00
1.000000000000000000e+00
