5.802198227121578566e-02
-3.160934509655807800e-02
2.453480135927721129e-01
1.808149665501635750e-01
2.011780626599655453e-01
3.090429255239014239e+00
1.183601781319233437e-01
1.366124982685854201e-02
-9.940542701262957692e-01
-2.865165518164917913e+01
-1.471386926974762144e+00
-1.009159452668664006e-04
-4.921706466323060254e-06
-1.208452235594134477e-01
-1.096963709644861555e-02
8.685280159552251078e-01
2.270046857511965905e-03
2.042851155865990295e-03
2.463907639197214679e-03
7.884887575017766187e-03
2.472310479135392258e-02
2.059025456021611467e-01
