5.802198227121563995e-02
-3.160934509655845964e-02
2.453480135927735284e-01
1.808149665501636305e-01
2.011780626599619648e-01
3.090429255239015571e+00
1.183601781319232743e-01
1.366124982685850905e-02
-9.940542701262951031e-01
-2.865165518164920400e+01
-1.471386926974763476e+00
-1.009159452668719842e-04
-4.921706466323502405e-06
-1.208452235594137530e-01
-1.096963709644760941e-02
8.685280159552244417e-01
2.270046857511964604e-03
2.042851155865982923e-03
2.463907639197211643e-03
7.884887575017760983e-03
2.472310479135395381e-02
2.059025456021610634e-01
