5.802198227121577179e-02
-3.160934509655817515e-02
2.453480135927723071e-01
1.808149665501646297e-01
2.011780626599644628e-01
3.090429255239004469e+00
1.183601781319232188e-01
1.366124982685881784e-02
-9.940542701262947700e-01
-2.865165518164927860e+01
-1.471386926974764364e+00
-1.009159452668640153e-04
-4.921706466322935740e-06
-1.208452235594133090e-01
-1.096963709644838483e-02
8.685280159552254409e-01
2.270046857511965038e-03
2.042851155865990295e-03
2.463907639197212944e-03
7.884887575017766187e-03
2.472310479135395381e-02
2.059025456021614797e-01
