4.800086516679592519e-01
1.995120499495760535e-01
9.998672926238791892e-01
4.401345995657035548e-01
-5.557745841437680134e-01
7.398409902094370771e+00
4.982278625445484832e-01
1.581734888953041929e-01
-4.180732521058851958e+00
-3.080099949241999369e+01
-6.794807164348068973e+00
0.000000000000000000e+00
0.000000000000000000e+00
0.000000000000000000e+00
0.000000000000000000e+00
1.000000000000000000e+00
1.000000000000000000e+00
1.000000000000000000e+00
1.000000000000000000e+00
1.000000000000000000e+00
1.000000000000000000e+00
1.000000000000000000e+00
