5.802198227121574403e-02
-3.160934509655820984e-02
2.453480135927725292e-01
1.808149665501637415e-01
2.011780626599648236e-01
3.090429255239012907e+00
1.183601781319233576e-01
1.366124982685847263e-02
-9.940542701262958802e-01
-2.865165518164920400e+01
-1.471386926974763254e+00
-1.009159452668662921e-04
-4.921706466323155969e-06
-1.208452235594134477e-01
-1.096963709644878035e-02
8.685280159552248858e-01
2.270046857511965038e-03
2.042851155865993765e-03
2.463907639197212510e-03
7.884887575017766187e-03
2.472310479135393993e-02
2.059025456021612299e-01
