5.802198227121570934e-02
-3.160934509655796004e-02
2.453480135927727235e-01
1.808149665501636860e-01
2.011780626599643795e-01
3.090429255239013795e+00
1.183601781319232327e-01
1.366124982685857497e-02
-9.940542701262947700e-01
-2.865165518164919689e+01
-1.471386926974762144e+00
-1.009159452668673086e-04
-4.921706466323097524e-06
-1.208452235594134616e-01
-1.096963709644806738e-02
8.685280159552247747e-01
2.270046857511963737e-03
2.042851155865990295e-03
2.463907639197213378e-03
7.884887575017766187e-03
2.472310479135395728e-02
2.059025456021612022e-01
