4.733359113410645636e-01
-3.840085009727501886e-01
7.036410021574274198e-01
3.840283689521917232e-01
1.558710850684807969e+00
6.088040030698468996e+00
4.684898283191342161e-01
4.189352695129599513e-01
-1.663346074677645170e+00
-1.425804247427127081e+01
-7.022902664424890418e+00
0.000000000000000000e+00
0.000000000000000000e+00
0.000000000000000000e+00
0.000000000000000000e+00
1.000000000000000000e+00
1.000000000000000000e+00
1.000000000000000000e+00
1.000000000000000000e+00
1.000000000000000000e+00
1.000000000000000000e+00
1.000000000000000000e+00
