5.802198227121566770e-02
-3.160934509655835556e-02
2.453480135927732786e-01
1.808149665501635750e-01
2.011780626599625199e-01
3.090429255239015571e+00
1.183601781319232882e-01
1.366124982685855416e-02
-9.940542701262952141e-01
-2.865165518164917202e+01
-1.471386926974762810e+00
-1.009159452668707916e-04
-4.921706466323105147e-06
-1.208452235594136143e-01
-1.096963709644769962e-02
8.685280159552247747e-01
2.270046857511965471e-03
2.042851155865988561e-03
2.463907639197213811e-03
7.884887575017766187e-03
2.472310479135395728e-02
2.059025456021609524e-01
