2.793154342047232674e-01
3.663117243057167904e-02
8.108291725313759857e-01
9.191967683112416410e-01
1.889698861085521653e+00
6.761099142364653147e+00
4.065883692707095154e-01
3.430430788586181778e-01
-2.702019267058993535e+00
-2.053779802715703795e+01
-1.901414677358093996e+00
0.000000000000000000e+00
0.000000000000000000e+00
0.000000000000000000e+00
0.000000000000000000e+00
1.000000000000000000e+00
1.000000000000000000e+00
1.000000000000000000e+00
1.000000000000000000e+00
1.000000000000000000e+00
1.000000000000000000e+00
1.000000000000000000e+00
