4.394072209970573129e-01
-2.277929373643996502e-01
7.650900479284789002e-01
6.628089326857675712e-01
1.168247039858433034e+00
4.222137836450717607e+00
3.263350943603657295e-01
2.775118735733519415e-01
-4.376125552002227970e+00
-2.591434269486579467e+01
-1.802170966230860927e+00
0.000000000000000000e+00
0.000000000000000000e+00
0.000000000000000000e+00
0.000000000000000000e+00
1.000000000000000000e+00
1.000000000000000000e+00
1.000000000000000000e+00
1.000000000000000000e+00
1.000000000000000000e+00
1.000000000000000000e+00
1.000000000000000000e+00
