2.355458986096821139e-01
4.685904275711938460e-02
8.270850256477817464e-01
1.788470429054926703e+00
-1.727388643538384727e+00
4.698083111571952131e+00
3.738403660654052718e-01
3.009969627748311782e-01
-1.215324403436776279e+00
-4.475791791388836316e+00
-1.479330704695566823e+00
0.000000000000000000e+00
0.000000000000000000e+00
0.000000000000000000e+00
0.000000000000000000e+00
1.000000000000000000e+00
1.000000000000000000e+00
1.000000000000000000e+00
1.000000000000000000e+00
1.000000000000000000e+00
1.000000000000000000e+00
1.000000000000000000e+00
