1.460828394949322817e-01
3.515540826429686128e-02
2.298684687678438365e-01
7.473965532749649032e-01
3.705466950186808717e-01
8.953442360305132297e+00
3.006270506620336569e-01
2.118977924151745351e-01
-4.524770350600944901e+00
-2.364686004921914275e+00
-8.674606215592453040e+00
0.000000000000000000e+00
0.000000000000000000e+00
0.000000000000000000e+00
0.000000000000000000e+00
1.000000000000000000e+00
1.000000000000000000e+00
1.000000000000000000e+00
1.000000000000000000e+00
1.000000000000000000e+00
1.000000000000000000e+00
1.000000000000000000e+00
