1.351547153828129844e-01
-3.988224150895766096e-01
5.556285182167520764e-01
1.816215431673902980e+00
4.662309334774481506e-01
7.270467627676630684e+00
4.211088039524151228e-01
4.955340307338795824e-02
-2.432642840895252956e+00
-1.733801710821626330e+01
-8.592444148948990446e+00
0.000000000000000000e+00
0.000000000000000000e+00
0.000000000000000000e+00
0.000000000000000000e+00
1.000000000000000000e+00
1.000000000000000000e+00
1.000000000000000000e+00
1.000000000000000000e+00
1.000000000000000000e+00
1.000000000000000000e+00
1.000000000000000000e+00
