3.347953897392073053e-01
4.075746516304740164e-01
6.679273806561052407e-01
1.567951568303722620e-01
-9.795218996525267841e-02
9.351883931467792621e+00
7.565149348355321157e-02
1.301372185605687015e-02
-3.849215528405572240e+00
-4.543493997961468978e+01
-6.045567452358028504e+00
0.000000000000000000e+00
0.000000000000000000e+00
0.000000000000000000e+00
0.000000000000000000e+00
1.000000000000000000e+00
1.000000000000000000e+00
1.000000000000000000e+00
1.000000000000000000e+00
1.000000000000000000e+00
1.000000000000000000e+00
1.000000000000000000e+00
