6.229644048071358853e-02
-3.765100389861408825e-01
2.086822523308061728e-01
8.374543337703768131e-01
-1.196908500872595482e-02
8.606400505757477504e+00
8.100420806011604524e-02
4.674570080223837687e-01
-1.092739343734736579e+00
-4.833241213579242412e+00
-9.937988386411133135e+00
0.000000000000000000e+00
0.000000000000000000e+00
0.000000000000000000e+00
0.000000000000000000e+00
1.000000000000000000e+00
1.000000000000000000e+00
1.000000000000000000e+00
1.000000000000000000e+00
1.000000000000000000e+00
1.000000000000000000e+00
1.000000000000000000e+00
