2.559888087365393972e-01
2.896899748442757216e-01
5.606420917486114597e-01
5.935718625818311445e-01
1.235736979331432117e+00
3.215554573067690214e+00
1.346199866421677327e-01
1.777408996451219636e-01
-4.580384532259122565e+00
-2.815444452703644629e+00
-2.465648233161461533e+00
0.000000000000000000e+00
0.000000000000000000e+00
0.000000000000000000e+00
0.000000000000000000e+00
1.000000000000000000e+00
1.000000000000000000e+00
1.000000000000000000e+00
1.000000000000000000e+00
1.000000000000000000e+00
1.000000000000000000e+00
1.000000000000000000e+00
