5.802198227121571628e-02
-3.160934509655836250e-02
2.453480135927728623e-01
1.808149665501641301e-01
2.011780626599647681e-01
3.090429255239009354e+00
1.183601781319232327e-01
1.366124982685867732e-02
-9.940542701262947700e-01
-2.865165518164922176e+01
-1.471386926974763254e+00
-1.009159452668672137e-04
-4.921706466322842567e-06
-1.208452235594135171e-01
-1.096963709644907699e-02
8.685280159552251078e-01
2.270046857511964170e-03
2.042851155865988127e-03
2.463907639197212077e-03
7.884887575017764452e-03
2.472310479135395381e-02
2.059025456021614520e-01
