3.060850878088093308e-01
-3.309302456543635751e-01
4.360590193711701978e-01
1.538524945046245707e+00
-8.186987823884952498e-01
1.491629571394897935e+00
1.123916227208088259e-02
2.101122461322788570e-01
-3.567907152521323511e+00
-3.311719040556037896e+01
-9.287535369121258100e-02
0.000000000000000000e+00
0.000000000000000000e+00
0.000000000000000000e+00
0.000000000000000000e+00
1.000000000000000000e+00
1.000000000000000000e+00
1.000000000000000000e+00
1.000000000000000000e+00
1.000000000000000000e+00
1.000000000000000000e+00
1.000000000000000000e+00
