5.802198227121582730e-02
-3.160934509655798086e-02
2.453480135927716410e-01
1.808149665501632697e-01
2.011780626599655730e-01
3.090429255239017348e+00
1.183601781319233714e-01
1.366124982685831823e-02
-9.940542701262959913e-01
-2.865165518164917202e+01
-1.471386926974761922e+00
-1.009159452668676610e-04
-4.921706466322852731e-06
-1.208452235594134339e-01
-1.096963709644837096e-02
8.685280159552248858e-01
2.270046857511963737e-03
2.042851155865985091e-03
2.463907639197213378e-03
7.884887575017767922e-03
2.472310479135390870e-02
2.059025456021610634e-01
