1.024717554757836879e-01
2.948320558344859066e-01
8.632688063468930695e-01
1.402325769803952626e+00
1.917264264433126808e+00
6.845762638984801640e+00
1.915721693425259109e-01
2.951053486622431943e-01
-3.525534413370346343e+00
-9.541113399575728238e+00
-6.019700105025239445e+00
0.000000000000000000e+00
0.000000000000000000e+00
0.000000000000000000e+00
0.000000000000000000e+00
1.000000000000000000e+00
1.000000000000000000e+00
1.000000000000000000e+00
1.000000000000000000e+00
1.000000000000000000e+00
1.000000000000000000e+00
1.000000000000000000e+00
