5.802198227121573015e-02
-3.160934509655796004e-02
2.453480135927726125e-01
1.808149665501639358e-01
2.011780626599651567e-01
3.090429255239010686e+00
1.183601781319232743e-01
1.366124982685849518e-02
-9.940542701262951031e-01
-2.865165518164918623e+01
-1.471386926974762144e+00
-1.009159452668639340e-04
-4.921706466322678242e-06
-1.208452235594133922e-01
-1.096963709644854443e-02
8.685280159552251078e-01
2.270046857511964170e-03
2.042851155865990729e-03
2.463907639197214245e-03
7.884887575017767922e-03
2.472310479135395381e-02
2.059025456021612854e-01
