5.802198227121567464e-02
-3.160934509655818209e-02
2.453480135927731953e-01
1.808149665501646575e-01
2.011780626599637134e-01
3.090429255239004469e+00
1.183601781319232188e-01
1.366124982685875539e-02
-9.940542701262946590e-01
-2.865165518164926439e+01
-1.471386926974764142e+00
-1.009159452668663599e-04
-4.921706466323183074e-06
-1.208452235594134200e-01
-1.096963709644914638e-02
8.685280159552248858e-01
2.270046857511963737e-03
2.042851155865994198e-03
2.463907639197214245e-03
7.884887575017767922e-03
2.472310479135397462e-02
2.059025456021615907e-01
