1.635481632522339801e-01
-1.538612795309510783e-01
1.448057467982579727e-01
1.304680384291414752e+00
-7.576477958252838540e-01
2.840962968432676483e+00
4.239314795482460041e-01
2.813961692700656658e-01
-4.548399617039058818e+00
-2.133123365563018936e+01
-3.033987068898515105e+00
0.000000000000000000e+00
0.000000000000000000e+00
0.000000000000000000e+00
0.000000000000000000e+00
1.000000000000000000e+00
1.000000000000000000e+00
1.000000000000000000e+00
1.000000000000000000e+00
1.000000000000000000e+00
1.000000000000000000e+00
1.000000000000000000e+00
