5.802198227121577179e-02
-3.160934509655815433e-02
2.453480135927722516e-01
1.808149665501636860e-01
2.011780626599659061e-01
3.090429255239013351e+00
1.183601781319233021e-01
1.366124982685817078e-02
-9.940542701262951031e-01
-2.865165518164918979e+01
-1.471386926974761922e+00
-1.009159452668679998e-04
-4.921706466322729064e-06
-1.208452235594134339e-01
-1.096963709644848718e-02
8.685280159552248858e-01
2.270046857511963303e-03
2.042851155865991163e-03
2.463907639197214245e-03
7.884887575017764452e-03
2.472310479135392258e-02
2.059025456021612022e-01
