3.502185609289173440e-01
3.441866428504345432e-01
6.765143359376254439e-01
1.455716114496149682e+00
1.805831829785357279e+00
1.270319703476763262e-01
2.067938493932617305e-01
2.440639690000001583e-02
-4.400428632072731716e+00
-2.459668471164967585e+01
-7.997524606655225021e+00
0.000000000000000000e+00
0.000000000000000000e+00
0.000000000000000000e+00
0.000000000000000000e+00
1.000000000000000000e+00
1.000000000000000000e+00
1.000000000000000000e+00
1.000000000000000000e+00
1.000000000000000000e+00
1.000000000000000000e+00
1.000000000000000000e+00
