1.346812382222465909e-01
3.096915550981633736e-01
2.383098360403607119e-01
1.381545187937104791e+00
2.559191929629691664e-01
7.148217490712199584e+00
4.518782315099695301e-02
1.630868451509046024e-01
8.907609005041470240e-01
-1.877347448030786126e+01
-1.157595420276143372e+00
0.000000000000000000e+00
0.000000000000000000e+00
0.000000000000000000e+00
0.000000000000000000e+00
1.000000000000000000e+00
1.000000000000000000e+00
1.000000000000000000e+00
1.000000000000000000e+00
1.000000000000000000e+00
1.000000000000000000e+00
1.000000000000000000e+00
