3.746711306593443758e-01
2.052301115139144594e-01
3.240275277438762203e-01
1.904476879146684398e+00
1.360403300214674704e+00
7.758451546789491005e-01
1.922820450548032856e-01
9.756223092445803768e-02
5.377539655577221467e-01
-2.368495256212425204e+01
-6.181614093643426955e+00
0.000000000000000000e+00
0.000000000000000000e+00
0.000000000000000000e+00
0.000000000000000000e+00
1.000000000000000000e+00
1.000000000000000000e+00
1.000000000000000000e+00
1.000000000000000000e+00
1.000000000000000000e+00
1.000000000000000000e+00
1.000000000000000000e+00
