3.210447166465159596e-01
2.714664701040440109e-01
3.150924512781917430e-01
4.843864159608739506e-01
-1.169278862208238845e+00
4.493010383654995721e+00
1.928024491490021308e-02
9.741666058851727872e-02
-2.051849426522578845e+00
-8.255662478983040842e+00
-1.540797718959556306e+00
0.000000000000000000e+00
0.000000000000000000e+00
0.000000000000000000e+00
0.000000000000000000e+00
1.000000000000000000e+00
1.000000000000000000e+00
1.000000000000000000e+00
1.000000000000000000e+00
1.000000000000000000e+00
1.000000000000000000e+00
1.000000000000000000e+00
