3.907470204144100068e-01
8.420911608554326744e-02
4.267100701891249903e-01
6.306893898308325586e-01
1.307553164005037960e+00
9.034294766039185021e+00
1.946905270740351135e-02
4.576112983741231766e-01
-4.636967574809671255e+00
-4.096365705889382269e+01
-9.277002803226455541e+00
0.000000000000000000e+00
0.000000000000000000e+00
0.000000000000000000e+00
0.000000000000000000e+00
1.000000000000000000e+00
1.000000000000000000e+00
1.000000000000000000e+00
1.000000000000000000e+00
1.000000000000000000e+00
1.000000000000000000e+00
1.000000000000000000e+00
