5.802198227121568852e-02
-3.160934509655807106e-02
2.453480135927730288e-01
1.808149665501636305e-01
2.011780626599648514e-01
3.090429255239014239e+00
1.183601781319233159e-01
1.366124982685867732e-02
-9.940542701262956582e-01
-2.865165518164920044e+01
-1.471386926974763032e+00
-1.009159452668671324e-04
-4.921706466322453779e-06
-1.208452235594134339e-01
-1.096963709644936842e-02
8.685280159552251078e-01
2.270046857511965038e-03
2.042851155865988127e-03
2.463907639197213811e-03
7.884887575017766187e-03
2.472310479135394340e-02
2.059025456021611744e-01
