2.882780977240690379e-01
3.134523085438002399e-01
9.323177542901347481e-01
1.518238799440134734e+00
-1.390322013292210279e+00
1.296175235821055427e+00
3.921067635286460407e-01
3.267346254813289219e-01
-4.675111791627917235e+00
-2.997420734613598370e+00
-5.879951042302966613e+00
0.000000000000000000e+00
0.000000000000000000e+00
0.000000000000000000e+00
0.000000000000000000e+00
1.000000000000000000e+00
1.000000000000000000e+00
1.000000000000000000e+00
1.000000000000000000e+00
1.000000000000000000e+00
1.000000000000000000e+00
1.000000000000000000e+00
