5.802198227121567464e-02
-3.160934509655802249e-02
2.453480135927730843e-01
1.808149665501640746e-01
2.011780626599646571e-01
3.090429255239010242e+00
1.183601781319231910e-01
1.366124982685868947e-02
-9.940542701262943259e-01
-2.865165518164925373e+01
-1.471386926974763698e+00
-1.009159452668676474e-04
-4.921706466322594386e-06
-1.208452235594135588e-01
-1.096963709644837963e-02
8.685280159552245527e-01
2.270046857511963303e-03
2.042851155865991163e-03
2.463907639197213378e-03
7.884887575017767922e-03
2.472310479135396075e-02
2.059025456021613687e-01
