8.135247972256742788e-02
2.547808776513499351e-01
5.634018486477773147e-01
4.505288287375168732e-01
-6.349528615073620763e-01
1.524912269210791926e+00
1.725956078394444981e-01
2.083744244025498293e-02
-3.512357755344845955e+00
-2.001135962215021991e+01
-2.902856935900217650e-01
0.000000000000000000e+00
0.000000000000000000e+00
0.000000000000000000e+00
0.000000000000000000e+00
1.000000000000000000e+00
1.000000000000000000e+00
1.000000000000000000e+00
1.000000000000000000e+00
1.000000000000000000e+00
1.000000000000000000e+00
1.000000000000000000e+00
