5.802198227121563995e-02
-3.160934509655802943e-02
2.453480135927735839e-01
1.808149665501643522e-01
2.011780626599657951e-01
3.090429255239006245e+00
1.183601781319232743e-01
1.366124982685882998e-02
-9.940542701262953251e-01
-2.865165518164924308e+01
-1.471386926974764364e+00
-1.009159452668626872e-04
-4.921706466322683325e-06
-1.208452235594131841e-01
-1.096963709644974139e-02
8.685280159552254409e-01
2.270046857511965471e-03
2.042851155865998535e-03
2.463907639197213811e-03
7.884887575017766187e-03
2.472310479135398156e-02
2.059025456021613687e-01
