1.062086182776226795e-01
2.153402854312910231e-01
4.157530311697973380e-01
3.587544101469062330e-01
-5.224969367319309832e-01
8.160798511486287765e+00
2.775878752417348383e-01
4.527683302220376071e-01
-1.989298919554175704e+00
-3.640337758103206056e+01
-9.950449912291304599e+00
0.000000000000000000e+00
0.000000000000000000e+00
0.000000000000000000e+00
0.000000000000000000e+00
1.000000000000000000e+00
1.000000000000000000e+00
1.000000000000000000e+00
1.000000000000000000e+00
1.000000000000000000e+00
1.000000000000000000e+00
1.000000000000000000e+00
