5.802198227121566770e-02
-3.160934509655839719e-02
2.453480135927732786e-01
1.808149665501639636e-01
2.011780626599640465e-01
3.090429255239011574e+00
1.183601781319232465e-01
1.366124982685850905e-02
-9.940542701262948810e-01
-2.865165518164922176e+01
-1.471386926974763254e+00
-1.009159452668720926e-04
-4.921706466323144111e-06
-1.208452235594136004e-01
-1.096963709644812983e-02
8.685280159552248858e-01
2.270046857511963737e-03
2.042851155865989428e-03
2.463907639197212944e-03
7.884887575017764452e-03
2.472310479135396075e-02
2.059025456021612022e-01
