3.506933261764052512e-01
-2.281592261878884198e-02
6.563442714103191467e-01
1.789120739069338661e-01
1.716591843827348640e-01
1.400338678527249803e+00
2.763582718275108263e-01
8.301996775900893910e-02
2.963256590139558000e-01
-2.914829651532258481e+01
-6.342351443139834899e+00
0.000000000000000000e+00
0.000000000000000000e+00
0.000000000000000000e+00
0.000000000000000000e+00
1.000000000000000000e+00
1.000000000000000000e+00
1.000000000000000000e+00
1.000000000000000000e+00
1.000000000000000000e+00
1.000000000000000000e+00
1.000000000000000000e+00
