5.802198227121558444e-02
-3.160934509655806413e-02
2.453480135927740557e-01
1.808149665501642966e-01
2.011780626599637134e-01
3.090429255239008022e+00
1.183601781319232188e-01
1.366124982685899304e-02
-9.940542701262947700e-01
-2.865165518164923242e+01
-1.471386926974764364e+00
-1.009159452668667800e-04
-4.921706466323083124e-06
-1.208452235594133645e-01
-1.096963709644869014e-02
8.685280159552251078e-01
2.270046857511965905e-03
2.042851155865994632e-03
2.463907639197209908e-03
7.884887575017767922e-03
2.472310479135397462e-02
2.059025456021613132e-01
