2.161899614098656275e-01
-2.564475985225262988e-01
8.305169190263735901e-01
1.878506421334882326e-01
9.233149938128026868e-01
3.833946221725119674e+00
1.654641321337929627e-02
4.926294342248538349e-01
-4.150188061825641483e+00
-2.454197233361118791e+01
-1.620282281606412411e+00
0.000000000000000000e+00
0.000000000000000000e+00
0.000000000000000000e+00
0.000000000000000000e+00
1.000000000000000000e+00
1.000000000000000000e+00
1.000000000000000000e+00
1.000000000000000000e+00
1.000000000000000000e+00
1.000000000000000000e+00
1.000000000000000000e+00
