5.802198227121562607e-02
-3.160934509655808494e-02
2.453480135927735561e-01
1.808149665501636305e-01
2.011780626599644350e-01
3.090429255239014239e+00
1.183601781319233298e-01
1.366124982685856803e-02
-9.940542701262956582e-01
-2.865165518164917202e+01
-1.471386926974763032e+00
-1.009159452668682302e-04
-4.921706466323170369e-06
-1.208452235594135726e-01
-1.096963709644850800e-02
8.685280159552247747e-01
2.270046857511965038e-03
2.042851155865991163e-03
2.463907639197212077e-03
7.884887575017764452e-03
2.472310479135396075e-02
2.059025456021612299e-01
