4.662873977627901567e-02
2.092150333171125531e-01
5.222484132769263931e-01
1.165465022528873185e+00
4.256152985730765614e-01
7.661901882397433639e+00
2.083488290824688227e-01
3.364143746792093714e-01
-4.529249204589584465e+00
-2.546864919142230832e+01
-5.707688341802140464e+00
0.000000000000000000e+00
0.000000000000000000e+00
0.000000000000000000e+00
0.000000000000000000e+00
1.000000000000000000e+00
1.000000000000000000e+00
1.000000000000000000e+00
1.000000000000000000e+00
1.000000000000000000e+00
1.000000000000000000e+00
1.000000000000000000e+00
