5.802198227121567464e-02
-3.160934509655834168e-02
2.453480135927732231e-01
1.808149665501635195e-01
2.011780626599653787e-01
3.090429255239015127e+00
1.183601781319233437e-01
1.366124982685834426e-02
-9.940542701262957692e-01
-2.865165518164920400e+01
-1.471386926974763698e+00
-1.009159452668687994e-04
-4.921706466323078889e-06
-1.208452235594136004e-01
-1.096963709644801534e-02
8.685280159552247747e-01
2.270046857511964604e-03
2.042851155865990729e-03
2.463907639197212510e-03
7.884887575017762718e-03
2.472310479135395728e-02
2.059025456021610911e-01
