1.968861288111584118e-02
3.482353911026880855e-02
8.362308652360473937e-01
1.759045994887890929e+00
1.675584917985407429e+00
2.183755357505251737e+00
4.100010959228266860e-01
2.531946278135882022e-01
-1.976491734604133299e+00
-2.217783218972400050e+01
-7.620448680396513907e+00
0.000000000000000000e+00
0.000000000000000000e+00
0.000000000000000000e+00
0.000000000000000000e+00
1.000000000000000000e+00
1.000000000000000000e+00
1.000000000000000000e+00
1.000000000000000000e+00
1.000000000000000000e+00
1.000000000000000000e+00
1.000000000000000000e+00
