5.802198227121566076e-02
-3.160934509655821678e-02
2.453480135927733063e-01
1.808149665501639636e-01
2.011780626599634358e-01
3.090429255239011574e+00
1.183601781319232743e-01
1.366124982685877620e-02
-9.940542701262952141e-01
-2.865165518164922531e+01
-1.471386926974763698e+00
-1.009159452668682031e-04
-4.921706466322726523e-06
-1.208452235594135588e-01
-1.096963709644877688e-02
8.685280159552248858e-01
2.270046857511965905e-03
2.042851155865990295e-03
2.463907639197212944e-03
7.884887575017766187e-03
2.472310479135397115e-02
2.059025456021612577e-01
