3.237755246765117167e-01
7.149688213080152011e-03
5.283413801522394149e-01
1.792570408019775741e+00
7.999647626699517566e-01
7.142971018711349096e+00
3.586691910457003862e-01
1.114097310914305416e-01
-3.949072860055861778e+00
-2.715792558309594895e+01
-7.126156846143771872e-01
0.000000000000000000e+00
0.000000000000000000e+00
0.000000000000000000e+00
0.000000000000000000e+00
1.000000000000000000e+00
1.000000000000000000e+00
1.000000000000000000e+00
1.000000000000000000e+00
1.000000000000000000e+00
1.000000000000000000e+00
1.000000000000000000e+00
