3.339794681501506157e-01
2.994953717385503422e-01
4.248316862728251930e-02
7.644968660538613570e-01
1.473730149242695742e+00
2.959319564992281215e+00
2.137633425465124137e-02
1.065232638036351931e-01
-6.511937560532947700e-01
-4.335391180519868470e+01
-3.113620877385323560e+00
0.000000000000000000e+00
0.000000000000000000e+00
0.000000000000000000e+00
0.000000000000000000e+00
1.000000000000000000e+00
1.000000000000000000e+00
1.000000000000000000e+00
1.000000000000000000e+00
1.000000000000000000e+00
1.000000000000000000e+00
1.000000000000000000e+00
