5.802198227121568158e-02
-3.160934509655818209e-02
2.453480135927731121e-01
1.808149665501636860e-01
2.011780626599646016e-01
3.090429255239013795e+00
1.183601781319232882e-01
1.366124982685863916e-02
-9.940542701262953251e-01
-2.865165518164921110e+01
-1.471386926974763476e+00
-1.009159452668688671e-04
-4.921706466322803603e-06
-1.208452235594135171e-01
-1.096963709644896597e-02
8.685280159552251078e-01
2.270046857511965471e-03
2.042851155865990729e-03
2.463907639197213378e-03
7.884887575017767922e-03
2.472310479135395728e-02
2.059025456021612299e-01
