2.869118309443124959e-01
-1.090303831006064206e-01
7.063134629920131413e-02
1.717317420015870288e+00
9.996915879855259313e-01
4.651772429761617644e+00
2.429161181997381291e-01
1.556853755012749252e-01
-3.165068008050470727e+00
-3.779956811126483274e+01
-4.454017414959974275e+00
0.000000000000000000e+00
0.000000000000000000e+00
0.000000000000000000e+00
0.000000000000000000e+00
1.000000000000000000e+00
1.000000000000000000e+00
1.000000000000000000e+00
1.000000000000000000e+00
1.000000000000000000e+00
1.000000000000000000e+00
1.000000000000000000e+00
