5.802198227121580648e-02
-3.160934509655803637e-02
2.453480135927719463e-01
1.808149665501639913e-01
2.011780626599649346e-01
3.090429255239010242e+00
1.183601781319232882e-01
1.366124982685859406e-02
-9.940542701262952141e-01
-2.865165518164921465e+01
-1.471386926974762588e+00
-1.009159452668656145e-04
-4.921706466322413121e-06
-1.208452235594133506e-01
-1.096963709644839351e-02
8.685280159552254409e-01
2.270046857511963303e-03
2.042851155865995066e-03
2.463907639197212944e-03
7.884887575017762718e-03
2.472310479135392952e-02
2.059025456021612577e-01
