3.704671894826938594e-01
-3.985368410609998469e-01
3.791545866972784173e-01
1.862542790661699144e+00
1.350107840418735439e+00
4.651972406040857599e+00
3.626823514804885518e-01
5.880259723304320785e-02
-2.111696133787815732e+00
-5.921451082993264947e+00
-4.657111617606584097e+00
0.000000000000000000e+00
0.000000000000000000e+00
0.000000000000000000e+00
0.000000000000000000e+00
1.000000000000000000e+00
1.000000000000000000e+00
1.000000000000000000e+00
1.000000000000000000e+00
1.000000000000000000e+00
1.000000000000000000e+00
1.000000000000000000e+00
