5.802198227121582036e-02
-3.160934509655819596e-02
2.453480135927718631e-01
1.808149665501639913e-01
2.011780626599642408e-01
3.090429255239010686e+00
1.183601781319233298e-01
1.366124982685855069e-02
-9.940542701262956582e-01
-2.865165518164921110e+01
-1.471386926974762810e+00
-1.009159452668678778e-04
-4.921706466322778192e-06
-1.208452235594134616e-01
-1.096963709644924352e-02
8.685280159552253298e-01
2.270046857511965471e-03
2.042851155865993765e-03
2.463907639197213378e-03
7.884887575017766187e-03
2.472310479135391911e-02
2.059025456021612299e-01
