3.648026156586358648e-01
2.773682108035698812e-01
6.954845807971904437e-01
1.480285247847457075e+00
1.418434577147388964e+00
6.139460257025374901e+00
2.267736521306245590e-01
5.583593577439333044e-02
7.003111847945939772e-01
-2.988989055633687997e+01
-9.795596388486892181e+00
0.000000000000000000e+00
0.000000000000000000e+00
0.000000000000000000e+00
0.000000000000000000e+00
1.000000000000000000e+00
1.000000000000000000e+00
1.000000000000000000e+00
1.000000000000000000e+00
1.000000000000000000e+00
1.000000000000000000e+00
1.000000000000000000e+00
