4.869776003369919448e-01
-2.411695889318266062e-01
6.772893543840557973e-01
1.493160074800751191e+00
-1.452645629914533387e+00
3.427651951440708888e+00
3.137058134024935940e-01
1.985620360022083974e-01
-3.344133131750457899e+00
-3.979799887316357143e+01
-3.870297428995948863e+00
0.000000000000000000e+00
0.000000000000000000e+00
0.000000000000000000e+00
0.000000000000000000e+00
1.000000000000000000e+00
1.000000000000000000e+00
1.000000000000000000e+00
1.000000000000000000e+00
1.000000000000000000e+00
1.000000000000000000e+00
1.000000000000000000e+00
