6.353510942021711738e-02
2.405146946959997312e-01
8.920032103680795021e-01
1.183059643105117020e+00
-1.726209254474402321e-01
3.564273235005166462e-01
3.398588522348875984e-01
2.384870996202984594e-01
-3.942320611624510640e+00
-3.679906209173994114e+01
-2.594788473013412755e+00
0.000000000000000000e+00
0.000000000000000000e+00
0.000000000000000000e+00
0.000000000000000000e+00
1.000000000000000000e+00
1.000000000000000000e+00
1.000000000000000000e+00
1.000000000000000000e+00
1.000000000000000000e+00
1.000000000000000000e+00
1.000000000000000000e+00
