5.802198227121573709e-02
-3.160934509655832086e-02
2.453480135927726125e-01
1.808149665501642966e-01
2.011780626599651844e-01
3.090429255239007578e+00
1.183601781319232465e-01
1.366124982685834773e-02
-9.940542701262947700e-01
-2.865165518164926084e+01
-1.471386926974764142e+00
-1.009159452668674170e-04
-4.921706466323228814e-06
-1.208452235594135726e-01
-1.096963709644817320e-02
8.685280159552248858e-01
2.270046857511963737e-03
2.042851155865992897e-03
2.463907639197213378e-03
7.884887575017766187e-03
2.472310479135393993e-02
2.059025456021613965e-01
