9.573394993715511614e-03
5.439008656373278683e-02
8.786123138764482254e-01
8.122579526620166135e-02
-1.758453320063992020e+00
7.201235624413619085e+00
4.675657439605598875e-01
4.325605445120676018e-01
-3.625573343466953702e+00
-4.579849756929696269e+01
-9.536042172853099075e+00
0.000000000000000000e+00
0.000000000000000000e+00
0.000000000000000000e+00
0.000000000000000000e+00
1.000000000000000000e+00
1.000000000000000000e+00
1.000000000000000000e+00
1.000000000000000000e+00
1.000000000000000000e+00
1.000000000000000000e+00
1.000000000000000000e+00
