5.802198227121578566e-02
-3.160934509655796698e-02
2.453480135927720573e-01
1.808149665501637138e-01
2.011780626599655175e-01
3.090429255239013351e+00
1.183601781319233576e-01
1.366124982685848824e-02
-9.940542701262958802e-01
-2.865165518164920400e+01
-1.471386926974762810e+00
-1.009159452668695719e-04
-4.921706466322857813e-06
-1.208452235594134061e-01
-1.096963709644818187e-02
8.685280159552251078e-01
2.270046857511964604e-03
2.042851155865986826e-03
2.463907639197213811e-03
7.884887575017766187e-03
2.472310479135392258e-02
2.059025456021612299e-01
