1.296857349742217003e-01
-4.566389488380997452e-01
5.820303421266043165e-01
2.250243356222427771e-01
4.431071299886015780e-01
2.963879582957270387e+00
4.036260967055946836e-01
4.741886745810985904e-02
-7.993977572265844600e-01
-3.355198846637250654e+00
-1.577911009013767796e+00
0.000000000000000000e+00
0.000000000000000000e+00
0.000000000000000000e+00
0.000000000000000000e+00
1.000000000000000000e+00
1.000000000000000000e+00
1.000000000000000000e+00
1.000000000000000000e+00
1.000000000000000000e+00
1.000000000000000000e+00
1.000000000000000000e+00
