5.802198227121571628e-02
-3.160934509655815433e-02
2.453480135927727512e-01
1.808149665501637693e-01
2.011780626599643518e-01
3.090429255239012907e+00
1.183601781319232604e-01
1.366124982685855763e-02
-9.940542701262949921e-01
-2.865165518164921821e+01
-1.471386926974762810e+00
-1.009159452668658178e-04
-4.921706466323146652e-06
-1.208452235594135865e-01
-1.096963709644803789e-02
8.685280159552245527e-01
2.270046857511964170e-03
2.042851155865992030e-03
2.463907639197212944e-03
7.884887575017766187e-03
2.472310479135395034e-02
2.059025456021612854e-01
