5.802198227121577873e-02
-3.160934509655796698e-02
2.453480135927721406e-01
1.808149665501634085e-01
2.011780626599646293e-01
3.090429255239016459e+00
1.183601781319233437e-01
1.366124982685846222e-02
-9.940542701262956582e-01
-2.865165518164917202e+01
-1.471386926974761922e+00
-1.009159452668682573e-04
-4.921706466322666384e-06
-1.208452235594134061e-01
-1.096963709644923485e-02
8.685280159552248858e-01
2.270046857511964604e-03
2.042851155865990295e-03
2.463907639197212944e-03
7.884887575017762718e-03
2.472310479135391911e-02
2.059025456021610634e-01
