5.802198227121582730e-02
-3.160934509655790453e-02
2.453480135927717798e-01
1.808149665501645187e-01
2.011780626599664334e-01
3.090429255239004913e+00
1.183601781319232465e-01
1.366124982685863569e-02
-9.940542701262948810e-01
-2.865165518164928216e+01
-1.471386926974763920e+00
-1.009159452668668885e-04
-4.921706466322246256e-06
-1.208452235594131563e-01
-1.096963709644807605e-02
8.685280159552256629e-01
2.270046857511962869e-03
2.042851155865990295e-03
2.463907639197215112e-03
7.884887575017766187e-03
2.472310479135393299e-02
2.059025456021614797e-01
