2.926511258693691997e-01
-5.860890949124741844e-02
2.640015501692009048e-01
1.067261089396535079e+00
-6.777344897664203671e-01
3.838314439081724760e+00
3.429979454048719956e-01
1.305722240619704433e-01
-1.523010186781356801e+00
-1.590800560178757195e+01
-9.490438175528110420e+00
0.000000000000000000e+00
0.000000000000000000e+00
0.000000000000000000e+00
0.000000000000000000e+00
1.000000000000000000e+00
1.000000000000000000e+00
1.000000000000000000e+00
1.000000000000000000e+00
1.000000000000000000e+00
1.000000000000000000e+00
1.000000000000000000e+00
