3.036948990607071241e-01
2.683441106097734785e-01
7.718497729620154013e-01
1.375108969909099699e+00
1.992728097907447538e+00
5.833951355822238227e+00
4.461949241584704517e-01
1.097769619010018904e-01
-2.402291179257254328e-02
-3.366935425322667186e+01
-2.583227048016518701e+00
0.000000000000000000e+00
0.000000000000000000e+00
0.000000000000000000e+00
0.000000000000000000e+00
1.000000000000000000e+00
1.000000000000000000e+00
1.000000000000000000e+00
1.000000000000000000e+00
1.000000000000000000e+00
1.000000000000000000e+00
1.000000000000000000e+00
