5.802198227121562607e-02
-3.160934509655843883e-02
2.453480135927736394e-01
1.808149665501639913e-01
2.011780626599629362e-01
3.090429255239011574e+00
1.183601781319232604e-01
1.366124982685858365e-02
-9.940542701262949921e-01
-2.865165518164922176e+01
-1.471386926974764142e+00
-1.009159452668710762e-04
-4.921706466323372809e-06
-1.208452235594137530e-01
-1.096963709644898331e-02
8.685280159552245527e-01
2.270046857511964604e-03
2.042851155865988127e-03
2.463907639197212077e-03
7.884887575017766187e-03
2.472310479135396075e-02
2.059025456021611744e-01
