6.780947841506224094e-02
-4.003303484202891394e-02
1.589896807345420049e-01
1.479711914950010421e+00
1.738576066374603268e+00
7.721431657762545697e+00
4.304735740276155465e-01
3.318416210714980608e-02
-4.617652542156465145e+00
-4.135801041475035333e+01
-3.011789511882518866e+00
0.000000000000000000e+00
0.000000000000000000e+00
0.000000000000000000e+00
0.000000000000000000e+00
1.000000000000000000e+00
1.000000000000000000e+00
1.000000000000000000e+00
1.000000000000000000e+00
1.000000000000000000e+00
1.000000000000000000e+00
1.000000000000000000e+00
