2.514824302799616440e-01
-1.339774293573114949e-01
4.473142841892010502e-01
7.237734721864212961e-01
5.425728456603668981e-01
5.397175946960749648e+00
1.743083991471718885e-01
8.191850758514640507e-03
-1.751050432658585621e+00
-4.869294855513048503e+01
-9.015362621248296904e+00
0.000000000000000000e+00
0.000000000000000000e+00
0.000000000000000000e+00
0.000000000000000000e+00
1.000000000000000000e+00
1.000000000000000000e+00
1.000000000000000000e+00
1.000000000000000000e+00
1.000000000000000000e+00
1.000000000000000000e+00
1.000000000000000000e+00
