5.802198227121571628e-02
-3.160934509655831393e-02
2.453480135927728900e-01
1.808149665501639913e-01
2.011780626599652677e-01
3.090429255239010686e+00
1.183601781319233298e-01
1.366124982685854722e-02
-9.940542701262956582e-01
-2.865165518164922176e+01
-1.471386926974763920e+00
-1.009159452668668071e-04
-4.921706466322552034e-06
-1.208452235594134616e-01
-1.096963709644935801e-02
8.685280159552253298e-01
2.270046857511964170e-03
2.042851155865993765e-03
2.463907639197212944e-03
7.884887575017762718e-03
2.472310479135394687e-02
2.059025456021613132e-01
