2.698927212186532643e-01
3.769199846892761219e-01
8.725454871024544978e-01
1.232592678851777368e+00
-1.332230075616746667e+00
2.527162964286993940e+00
4.644622767519179796e-01
2.878607311153197901e-01
-2.024458655615993585e+00
-1.576092315028326141e+01
-8.300587953201215896e+00
0.000000000000000000e+00
0.000000000000000000e+00
0.000000000000000000e+00
0.000000000000000000e+00
1.000000000000000000e+00
1.000000000000000000e+00
1.000000000000000000e+00
1.000000000000000000e+00
1.000000000000000000e+00
1.000000000000000000e+00
1.000000000000000000e+00
