1.440315996109607366e-01
4.814988171930963956e-01
7.493025984618981727e-01
1.037474322456291231e+00
2.046625463616953411e-01
6.543347584620029522e+00
4.805416195368389376e-01
2.535595343793247691e-01
1.762549187991382382e-01
-1.226604141011225124e+01
-3.302142796800247915e+00
0.000000000000000000e+00
0.000000000000000000e+00
0.000000000000000000e+00
0.000000000000000000e+00
1.000000000000000000e+00
1.000000000000000000e+00
1.000000000000000000e+00
1.000000000000000000e+00
1.000000000000000000e+00
1.000000000000000000e+00
1.000000000000000000e+00
