2.885900269830121712e-02
-3.492173717155543367e-01
2.010918658856766239e-01
5.396920730933336685e-01
1.554748299669128642e+00
6.170956544958579038e+00
4.191729698350416533e-01
3.136160260928996246e-01
-7.939948291936378411e-01
-8.746832067197601646e+00
-7.722057041433474822e+00
0.000000000000000000e+00
0.000000000000000000e+00
0.000000000000000000e+00
0.000000000000000000e+00
1.000000000000000000e+00
1.000000000000000000e+00
1.000000000000000000e+00
1.000000000000000000e+00
1.000000000000000000e+00
1.000000000000000000e+00
1.000000000000000000e+00
