5.802198227121582730e-02
-3.160934509655793923e-02
2.453480135927716133e-01
1.808149665501638248e-01
2.011780626599652122e-01
3.090429255239012019e+00
1.183601781319233298e-01
1.366124982685845701e-02
-9.940542701262956582e-01
-2.865165518164920400e+01
-1.471386926974762588e+00
-1.009159452668659804e-04
-4.921706466322890848e-06
-1.208452235594134339e-01
-1.096963709644884107e-02
8.685280159552251078e-01
2.270046857511964604e-03
2.042851155865990729e-03
2.463907639197214245e-03
7.884887575017766187e-03
2.472310479135391564e-02
2.059025456021613687e-01
