5.802198227121572321e-02
-3.160934509655811270e-02
2.453480135927726680e-01
1.808149665501636028e-01
2.011780626599649346e-01
3.090429255239014239e+00
1.183601781319233853e-01
1.366124982685842926e-02
-9.940542701262959913e-01
-2.865165518164917557e+01
-1.471386926974762588e+00
-1.009159452668657229e-04
-4.921706466323424478e-06
-1.208452235594135032e-01
-1.096963709644971016e-02
8.685280159552247747e-01
2.270046857511965471e-03
2.042851155865988561e-03
2.463907639197212077e-03
7.884887575017764452e-03
2.472310479135392605e-02
2.059025456021612577e-01
