2.753989512872877521e-01
2.081478226181048274e-01
2.909047389129443273e-01
1.021655210395326030e+00
1.571787817390618791e+00
8.962930889334380424e+00
6.279265523191812637e-02
1.036214390690933795e-01
-4.691196780195021176e+00
-2.795950781746817526e+01
-9.701237891214329778e+00
0.000000000000000000e+00
0.000000000000000000e+00
0.000000000000000000e+00
0.000000000000000000e+00
1.000000000000000000e+00
1.000000000000000000e+00
1.000000000000000000e+00
1.000000000000000000e+00
1.000000000000000000e+00
1.000000000000000000e+00
1.000000000000000000e+00
