5.802198227121573709e-02
-3.160934509655800168e-02
2.453480135927725569e-01
1.808149665501638248e-01
2.011780626599644073e-01
3.090429255239012463e+00
1.183601781319233159e-01
1.366124982685865824e-02
-9.940542701262955472e-01
-2.865165518164917913e+01
-1.471386926974762366e+00
-1.009159452668670511e-04
-4.921706466322347053e-06
-1.208452235594134616e-01
-1.096963709644908219e-02
8.685280159552248858e-01
2.270046857511966339e-03
2.042851155865994198e-03
2.463907639197215112e-03
7.884887575017764452e-03
2.472310479135394687e-02
2.059025456021612577e-01
