1.828973582638058759e-01
-1.989278800335974040e-01
8.675164586120224230e-01
6.640794869628334762e-01
-1.961332847948348945e+00
8.581713322445599701e+00
1.041409859641692082e-01
1.030344912607472074e-01
-2.429980394553533429e+00
-8.271053292048016203e+00
-3.700865298823766913e+00
0.000000000000000000e+00
0.000000000000000000e+00
0.000000000000000000e+00
0.000000000000000000e+00
1.000000000000000000e+00
1.000000000000000000e+00
1.000000000000000000e+00
1.000000000000000000e+00
1.000000000000000000e+00
1.000000000000000000e+00
1.000000000000000000e+00
