5.802198227121572321e-02
-3.160934509655816821e-02
2.453480135927726957e-01
1.808149665501637693e-01
2.011780626599648791e-01
3.090429255239012907e+00
1.183601781319233298e-01
1.366124982685840497e-02
-9.940542701262955472e-01
-2.865165518164919334e+01
-1.471386926974762810e+00
-1.009159452668694228e-04
-4.921706466323697223e-06
-1.208452235594135449e-01
-1.096963709644882372e-02
8.685280159552245527e-01
2.270046857511964170e-03
2.042851155865992897e-03
2.463907639197213811e-03
7.884887575017766187e-03
2.472310479135394340e-02
2.059025456021613132e-01
