3.927989271337371524e-01
-2.152391133529478751e-01
7.227313849486907138e-01
1.535735943314476604e+00
-2.027027030325698753e-01
2.941878747639158576e+00
2.206061563764916134e-01
4.409697004588204461e-01
-2.964943611852151939e+00
-3.906100586436186006e+01
-9.963233324501352683e+00
0.000000000000000000e+00
0.000000000000000000e+00
0.000000000000000000e+00
0.000000000000000000e+00
1.000000000000000000e+00
1.000000000000000000e+00
1.000000000000000000e+00
1.000000000000000000e+00
1.000000000000000000e+00
1.000000000000000000e+00
1.000000000000000000e+00
