5.802198227121568158e-02
-3.160934509655823066e-02
2.453480135927730843e-01
1.808149665501639081e-01
2.011780626599647126e-01
3.090429255239011574e+00
1.183601781319232465e-01
1.366124982685856283e-02
-9.940542701262947700e-01
-2.865165518164922531e+01
-1.471386926974763254e+00
-1.009159452668667800e-04
-4.921706466323129711e-06
-1.208452235594135865e-01
-1.096963709644910301e-02
8.685280159552247747e-01
2.270046857511964170e-03
2.042851155865984657e-03
2.463907639197212944e-03
7.884887575017769656e-03
2.472310479135395381e-02
2.059025456021612577e-01
