5.802198227121569546e-02
-3.160934509655793923e-02
2.453480135927728900e-01
1.808149665501636305e-01
2.011780626599660449e-01
3.090429255239013351e+00
1.183601781319233021e-01
1.366124982685847089e-02
-9.940542701262953251e-01
-2.865165518164920044e+01
-1.471386926974762810e+00
-1.009159452668662515e-04
-4.921706466322852731e-06
-1.208452235594135310e-01
-1.096963709644910648e-02
8.685280159552245527e-01
2.270046857511964604e-03
2.042851155865987693e-03
2.463907639197213811e-03
7.884887575017766187e-03
2.472310479135393299e-02
2.059025456021612299e-01
