4.876680087472579084e-02
2.612497166748563027e-01
2.469379731663270405e-01
2.762633749526390847e-01
-6.742137469162741148e-01
8.299956500689287253e-01
3.359885406402333130e-01
4.032968990808287746e-01
8.964514872652840083e-01
-1.821696326015737100e+01
-7.840767439528196547e+00
0.000000000000000000e+00
0.000000000000000000e+00
0.000000000000000000e+00
0.000000000000000000e+00
1.000000000000000000e+00
1.000000000000000000e+00
1.000000000000000000e+00
1.000000000000000000e+00
1.000000000000000000e+00
1.000000000000000000e+00
1.000000000000000000e+00
