5.802198227121571628e-02
-3.160934509655822372e-02
2.453480135927727512e-01
1.808149665501634917e-01
2.011780626599653787e-01
3.090429255239015571e+00
1.183601781319233576e-01
1.366124982685838415e-02
-9.940542701262958802e-01
-2.865165518164918623e+01
-1.471386926974763032e+00
-1.009159452668687858e-04
-4.921706466323258460e-06
-1.208452235594135171e-01
-1.096963709644836228e-02
8.685280159552248858e-01
2.270046857511965038e-03
2.042851155865992030e-03
2.463907639197212510e-03
7.884887575017766187e-03
2.472310479135393993e-02
2.059025456021610356e-01
