5.802198227121576485e-02
-3.160934509655809882e-02
2.453480135927722516e-01
1.808149665501638803e-01
2.011780626599645183e-01
3.090429255239012019e+00
1.183601781319232743e-01
1.366124982685835987e-02
-9.940542701262949921e-01
-2.865165518164921110e+01
-1.471386926974762810e+00
-1.009159452668695719e-04
-4.921706466323664189e-06
-1.208452235594134894e-01
-1.096963709644785054e-02
8.685280159552247747e-01
2.270046857511962869e-03
2.042851155865985958e-03
2.463907639197212077e-03
7.884887575017764452e-03
2.472310479135392258e-02
2.059025456021612299e-01
