4.476712464572296657e-02
-4.213481049457312722e-01
8.183489496771018112e-01
7.695588732200417947e-01
-1.008498590395294325e+00
1.458909674619335295e+00
2.631256032742084749e-01
3.172186495918109528e-01
-2.195677132715416313e+00
-2.872748496537917973e+01
-2.255753965154180918e+00
0.000000000000000000e+00
0.000000000000000000e+00
0.000000000000000000e+00
0.000000000000000000e+00
1.000000000000000000e+00
1.000000000000000000e+00
1.000000000000000000e+00
1.000000000000000000e+00
1.000000000000000000e+00
1.000000000000000000e+00
1.000000000000000000e+00
