5.802198227121571628e-02
-3.160934509655814739e-02
2.453480135927727790e-01
1.808149665501635750e-01
2.011780626599649624e-01
3.090429255239014683e+00
1.183601781319233437e-01
1.366124982685829221e-02
-9.940542701262956582e-01
-2.865165518164920755e+01
-1.471386926974763476e+00
-1.009159452668697480e-04
-4.921706466323295729e-06
-1.208452235594135865e-01
-1.096963709644896943e-02
8.685280159552247747e-01
2.270046857511964604e-03
2.042851155865987259e-03
2.463907639197213378e-03
7.884887575017764452e-03
2.472310479135394687e-02
2.059025456021611189e-01
