2.267199500762132058e-01
1.369777934619046400e-01
2.108032148093219593e-01
5.410321133698883234e-01
1.511181604380141152e+00
5.512537401297632478e+00
2.324728968245935445e-01
3.277250765429557400e-01
1.190135305152431044e-01
-1.550933364071318721e+01
-9.682552038880867684e+00
0.000000000000000000e+00
0.000000000000000000e+00
0.000000000000000000e+00
0.000000000000000000e+00
1.000000000000000000e+00
1.000000000000000000e+00
1.000000000000000000e+00
1.000000000000000000e+00
1.000000000000000000e+00
1.000000000000000000e+00
1.000000000000000000e+00
