5.802198227121566770e-02
-3.160934509655790453e-02
2.453480135927731676e-01
1.808149665501637415e-01
2.011780626599646571e-01
3.090429255239012907e+00
1.183601781319232743e-01
1.366124982685866344e-02
-9.940542701262951031e-01
-2.865165518164918979e+01
-1.471386926974762810e+00
-1.009159452668654112e-04
-4.921706466322578293e-06
-1.208452235594133645e-01
-1.096963709644959740e-02
8.685280159552245527e-01
2.270046857511964170e-03
2.042851155865992030e-03
2.463907639197214679e-03
7.884887575017766187e-03
2.472310479135396769e-02
2.059025456021611744e-01
