3.929485351446928010e-01
3.317948800641717932e-01
7.287158980228004568e-01
1.862067239509428873e+00
1.761651324657888651e+00
6.062396451100735106e+00
2.953597079695235994e-01
7.170297335125874749e-02
-3.470474808021482893e+00
-8.976589083842526406e+00
-2.094225203714471739e+00
0.000000000000000000e+00
0.000000000000000000e+00
0.000000000000000000e+00
0.000000000000000000e+00
1.000000000000000000e+00
1.000000000000000000e+00
1.000000000000000000e+00
1.000000000000000000e+00
1.000000000000000000e+00
1.000000000000000000e+00
1.000000000000000000e+00
