1.960764754202600213e-01
2.206074148035269689e-01
5.584555453739776798e-01
1.532990377135064142e+00
1.767124880817561916e+00
2.322376006353085387e+00
3.255905356881882984e-02
1.009283543494656210e-01
-2.707149679194644776e-01
-4.222708504286244846e+01
-5.664619850496830367e+00
0.000000000000000000e+00
0.000000000000000000e+00
0.000000000000000000e+00
0.000000000000000000e+00
1.000000000000000000e+00
1.000000000000000000e+00
1.000000000000000000e+00
1.000000000000000000e+00
1.000000000000000000e+00
1.000000000000000000e+00
1.000000000000000000e+00
