4.432725270922444616e-01
1.100252797513268099e-01
4.351758594517275425e-01
1.661913754778423957e+00
-6.381130035385469412e-01
4.461763670363189327e+00
8.425399539538769300e-02
9.324992909097273852e-02
-1.413506654436072818e+00
-4.451138228644332173e+00
-3.902803262414185959e+00
0.000000000000000000e+00
0.000000000000000000e+00
0.000000000000000000e+00
0.000000000000000000e+00
1.000000000000000000e+00
1.000000000000000000e+00
1.000000000000000000e+00
1.000000000000000000e+00
1.000000000000000000e+00
1.000000000000000000e+00
1.000000000000000000e+00
