5.802198227121573709e-02
-3.160934509655808494e-02
2.453480135927726125e-01
1.808149665501642134e-01
2.011780626599655453e-01
3.090429255239008022e+00
1.183601781319232327e-01
1.366124982685842232e-02
-9.940542701262946590e-01
-2.865165518164921465e+01
-1.471386926974762588e+00
-1.009159452668659127e-04
-4.921706466323233896e-06
-1.208452235594133922e-01
-1.096963709644872831e-02
8.685280159552248858e-01
2.270046857511963303e-03
2.042851155865992464e-03
2.463907639197213378e-03
7.884887575017766187e-03
2.472310479135395728e-02
2.059025456021613132e-01
