4.984661381853656148e-01
-2.160130234333479393e-02
4.346744128672318519e-01
1.266280901556122274e+00
1.544323934410853028e+00
1.014457578070686594e+00
2.339624539306229822e-01
4.753695269776144205e-01
8.524610001012842275e-01
-3.274012239357379883e+01
-9.106025821379368779e-01
0.000000000000000000e+00
0.000000000000000000e+00
0.000000000000000000e+00
0.000000000000000000e+00
1.000000000000000000e+00
1.000000000000000000e+00
1.000000000000000000e+00
1.000000000000000000e+00
1.000000000000000000e+00
1.000000000000000000e+00
1.000000000000000000e+00
