5.802198227121572321e-02
-3.160934509655831393e-02
2.453480135927727512e-01
1.808149665501639081e-01
2.011780626599658506e-01
3.090429255239011130e+00
1.183601781319233159e-01
1.366124982685831130e-02
-9.940542701262953251e-01
-2.865165518164922887e+01
-1.471386926974763920e+00
-1.009159452668699649e-04
-4.921706466323548145e-06
-1.208452235594136281e-01
-1.096963709644825820e-02
8.685280159552245527e-01
2.270046857511963737e-03
2.042851155865988994e-03
2.463907639197212944e-03
7.884887575017764452e-03
2.472310479135393646e-02
2.059025456021612854e-01
