5.802198227121583424e-02
-3.160934509655798780e-02
2.453480135927715855e-01
1.808149665501637138e-01
2.011780626599654342e-01
3.090429255239012907e+00
1.183601781319233714e-01
1.366124982685840671e-02
-9.940542701262958802e-01
-2.865165518164918623e+01
-1.471386926974762144e+00
-1.009159452668653435e-04
-4.921706466322834943e-06
-1.208452235594133783e-01
-1.096963709644936669e-02
8.685280159552251078e-01
2.270046857511964604e-03
2.042851155865988994e-03
2.463907639197213811e-03
7.884887575017766187e-03
2.472310479135391217e-02
2.059025456021612022e-01
