4.026792225841983597e-01
-3.580510870291429004e-01
7.139220692142668190e-01
8.024923291928338642e-01
-6.018861391681751272e-02
7.438067140640650443e+00
4.868628055094114115e-01
3.291035019046982257e-01
-4.718519485784536727e+00
-2.555408335062054803e+01
-3.664443568096715786e+00
0.000000000000000000e+00
0.000000000000000000e+00
0.000000000000000000e+00
0.000000000000000000e+00
1.000000000000000000e+00
1.000000000000000000e+00
1.000000000000000000e+00
1.000000000000000000e+00
1.000000000000000000e+00
1.000000000000000000e+00
1.000000000000000000e+00
