5.802198227121568852e-02
-3.160934509655823760e-02
2.453480135927730288e-01
1.808149665501638803e-01
2.011780626599644906e-01
3.090429255239012019e+00
1.183601781319233159e-01
1.366124982685845528e-02
-9.940542701262955472e-01
-2.865165518164923597e+01
-1.471386926974763920e+00
-1.009159452668690975e-04
-4.921706466322839179e-06
-1.208452235594136698e-01
-1.096963709644871443e-02
8.685280159552245527e-01
2.270046857511965471e-03
2.042851155865988127e-03
2.463907639197213378e-03
7.884887575017766187e-03
2.472310479135395034e-02
2.059025456021612577e-01
