3.279412485483960693e-01
7.347923481118423528e-02
8.005657660324235758e-01
1.703004316535321028e+00
1.003286204771353773e+00
3.809862430139911993e+00
1.187429272728481866e-01
1.600191644968645410e-01
-3.974156737412148921e+00
-3.005457729780421872e+01
-9.075095946386447565e+00
0.000000000000000000e+00
0.000000000000000000e+00
0.000000000000000000e+00
0.000000000000000000e+00
1.000000000000000000e+00
1.000000000000000000e+00
1.000000000000000000e+00
1.000000000000000000e+00
1.000000000000000000e+00
1.000000000000000000e+00
1.000000000000000000e+00
