5.802198227121571628e-02
-3.160934509655825148e-02
2.453480135927728623e-01
1.808149665501642134e-01
2.011780626599661281e-01
3.090429255239007578e+00
1.183601781319233021e-01
1.366124982685862528e-02
-9.940542701262954361e-01
-2.865165518164923242e+01
-1.471386926974763920e+00
-1.009159452668633106e-04
-4.921706466322717206e-06
-1.208452235594133228e-01
-1.096963709644895382e-02
8.685280159552253298e-01
2.270046857511965905e-03
2.042851155865996800e-03
2.463907639197213811e-03
7.884887575017762718e-03
2.472310479135395381e-02
2.059025456021612577e-01
