2.913198427013636294e-01
8.847054441496293720e-02
9.881115820853141329e-01
9.799865428738789852e-01
-3.673004823759660198e-01
2.368518148908535181e+00
4.574149600272753302e-02
4.365983333408501310e-01
-3.243116208780604914e+00
-2.155359588178429320e+01
-4.041505280606015660e+00
0.000000000000000000e+00
0.000000000000000000e+00
0.000000000000000000e+00
0.000000000000000000e+00
1.000000000000000000e+00
1.000000000000000000e+00
1.000000000000000000e+00
1.000000000000000000e+00
1.000000000000000000e+00
1.000000000000000000e+00
1.000000000000000000e+00
