1.895492627168850475e-01
6.709816717961403221e-02
5.955925126571218753e-01
8.997177977109052094e-01
-1.719206984211254507e-01
3.116509978753954968e+00
1.566686805987851927e-01
1.474297305007902237e-01
-1.815365232586241717e+00
-3.018889892002905739e+01
-2.812496278150406148e+00
0.000000000000000000e+00
0.000000000000000000e+00
0.000000000000000000e+00
0.000000000000000000e+00
1.000000000000000000e+00
1.000000000000000000e+00
1.000000000000000000e+00
1.000000000000000000e+00
1.000000000000000000e+00
1.000000000000000000e+00
1.000000000000000000e+00
