2.407175170447298784e-01
-6.295169572638725786e-02
2.407991488808836067e-02
7.084233323468958066e-01
7.739712689526987432e-01
2.890519247207126163e+00
3.561694667696639338e-01
1.511278391384908160e-01
-1.827200422367103450e+00
-3.320049707513663861e+01
-8.912540205966610785e+00
0.000000000000000000e+00
0.000000000000000000e+00
0.000000000000000000e+00
0.000000000000000000e+00
1.000000000000000000e+00
1.000000000000000000e+00
1.000000000000000000e+00
1.000000000000000000e+00
1.000000000000000000e+00
1.000000000000000000e+00
1.000000000000000000e+00
