5.802198227121576485e-02
-3.160934509655820290e-02
2.453480135927723349e-01
1.808149665501638526e-01
2.011780626599649624e-01
3.090429255239012019e+00
1.183601781319233576e-01
1.366124982685835119e-02
-9.940542701262957692e-01
-2.865165518164920755e+01
-1.471386926974763032e+00
-1.009159452668665768e-04
-4.921706466323235590e-06
-1.208452235594133783e-01
-1.096963709644882545e-02
8.685280159552248858e-01
2.270046857511963303e-03
2.042851155865993765e-03
2.463907639197212510e-03
7.884887575017764452e-03
2.472310479135392605e-02
2.059025456021611467e-01
