2.787782172356866317e-01
3.544317075275636997e-01
5.241505150303139571e-01
4.654477178175797647e-03
-2.863495094110217742e-01
2.937880816008160423e+00
3.549254381303845740e-01
3.207006998376016882e-01
-3.830643310992901007e+00
-2.960536531098705382e+01
-9.080949153912989402e-01
0.000000000000000000e+00
0.000000000000000000e+00
0.000000000000000000e+00
0.000000000000000000e+00
1.000000000000000000e+00
1.000000000000000000e+00
1.000000000000000000e+00
1.000000000000000000e+00
1.000000000000000000e+00
1.000000000000000000e+00
1.000000000000000000e+00
