5.802198227121575791e-02
-3.160934509655814739e-02
2.453480135927723071e-01
1.808149665501632974e-01
2.011780626599654065e-01
3.090429255239017348e+00
1.183601781319234270e-01
1.366124982685824017e-02
-9.940542701262964354e-01
-2.865165518164918268e+01
-1.471386926974763032e+00
-1.009159452668681759e-04
-4.921706466323488853e-06
-1.208452235594135588e-01
-1.096963709644930077e-02
8.685280159552248858e-01
2.270046857511965905e-03
2.042851155865991163e-03
2.463907639197212510e-03
7.884887575017766187e-03
2.472310479135392952e-02
2.059025456021611744e-01
