5.802198227121574403e-02
-3.160934509655804331e-02
2.453480135927724459e-01
1.808149665501638803e-01
2.011780626599656285e-01
3.090429255239011574e+00
1.183601781319232604e-01
1.366124982685854201e-02
-9.940542701262949921e-01
-2.865165518164920400e+01
-1.471386926974762588e+00
-1.009159452668676338e-04
-4.921706466323200862e-06
-1.208452235594135449e-01
-1.096963709644943955e-02
8.685280159552247747e-01
2.270046857511963303e-03
2.042851155865986392e-03
2.463907639197213811e-03
7.884887575017766187e-03
2.472310479135394340e-02
2.059025456021613409e-01
