9.226278989908320849e-02
1.956418339686079033e-01
2.025009057940565516e-01
9.953618228441296623e-01
-1.327980992034997421e+00
4.054830676446982807e+00
1.638480856636770344e-01
6.069056197654548734e-02
-1.512221638863022299e+00
-1.625366912610866876e+01
-2.267609724479935807e+00
0.000000000000000000e+00
0.000000000000000000e+00
0.000000000000000000e+00
0.000000000000000000e+00
1.000000000000000000e+00
1.000000000000000000e+00
1.000000000000000000e+00
1.000000000000000000e+00
1.000000000000000000e+00
1.000000000000000000e+00
1.000000000000000000e+00
