5.802198227121568852e-02
-3.160934509655795310e-02
2.453480135927730010e-01
1.808149665501637693e-01
2.011780626599652122e-01
3.090429255239012463e+00
1.183601781319232743e-01
1.366124982685848650e-02
-9.940542701262951031e-01
-2.865165518164920044e+01
-1.471386926974762588e+00
-1.009159452668675932e-04
-4.921706466323399067e-06
-1.208452235594133645e-01
-1.096963709644782278e-02
8.685280159552248858e-01
2.270046857511963737e-03
2.042851155865990729e-03
2.463907639197213811e-03
7.884887575017766187e-03
2.472310479135395728e-02
2.059025456021611744e-01
