1.469141227189150745e-01
2.733773426286716379e-01
2.364914829903609350e-01
2.636238707288915961e-01
-1.624351591452762644e+00
4.656165703734467698e+00
1.039297933188843559e-01
8.125700749580738735e-02
4.617891947871886060e-01
-1.396579327395729564e+01
-6.795071351870470622e+00
0.000000000000000000e+00
0.000000000000000000e+00
0.000000000000000000e+00
0.000000000000000000e+00
1.000000000000000000e+00
1.000000000000000000e+00
1.000000000000000000e+00
1.000000000000000000e+00
1.000000000000000000e+00
1.000000000000000000e+00
1.000000000000000000e+00
