5.802198227121575097e-02
-3.160934509655815433e-02
2.453480135927725014e-01
1.808149665501639358e-01
2.011780626599649902e-01
3.090429255239011130e+00
1.183601781319233159e-01
1.366124982685860793e-02
-9.940542701262955472e-01
-2.865165518164919334e+01
-1.471386926974762810e+00
-1.009159452668674306e-04
-4.921706466323273707e-06
-1.208452235594133506e-01
-1.096963709644811075e-02
8.685280159552256629e-01
2.270046857511965038e-03
2.042851155865987693e-03
2.463907639197213378e-03
7.884887575017764452e-03
2.472310479135392952e-02
2.059025456021611467e-01
