5.802198227121585505e-02
-3.160934509655820290e-02
2.453480135927714745e-01
1.808149665501641856e-01
2.011780626599658228e-01
3.090429255239008022e+00
1.183601781319232604e-01
1.366124982685838936e-02
-9.940542701262948810e-01
-2.865165518164923952e+01
-1.471386926974763032e+00
-1.009159452668656145e-04
-4.921706466322998421e-06
-1.208452235594134339e-01
-1.096963709644909260e-02
8.685280159552254409e-01
2.270046857511962436e-03
2.042851155865987259e-03
2.463907639197213378e-03
7.884887575017762718e-03
2.472310479135391911e-02
2.059025456021613965e-01
