7.155699223832279188e-02
3.650071399873532352e-01
6.501457906394203512e-02
3.188934601419646242e-02
8.765358292433473864e-01
8.849778883767933646e-01
3.108684183335831408e-01
1.336770610300687667e-01
-7.726960579177077904e-01
-4.910169071262528462e+01
-5.930191660830484324e+00
0.000000000000000000e+00
0.000000000000000000e+00
0.000000000000000000e+00
0.000000000000000000e+00
1.000000000000000000e+00
1.000000000000000000e+00
1.000000000000000000e+00
1.000000000000000000e+00
1.000000000000000000e+00
1.000000000000000000e+00
1.000000000000000000e+00
