5.802198227121574403e-02
-3.160934509655820290e-02
2.453480135927725014e-01
1.808149665501642134e-01
2.011780626599652955e-01
3.090429255239008022e+00
1.183601781319232049e-01
1.366124982685863222e-02
-9.940542701262944369e-01
-2.865165518164923597e+01
-1.471386926974763476e+00
-1.009159452668671053e-04
-4.921706466322923882e-06
-1.208452235594134616e-01
-1.096963709644941873e-02
8.685280159552251078e-01
2.270046857511962869e-03
2.042851155865992030e-03
2.463907639197213378e-03
7.884887575017766187e-03
2.472310479135392258e-02
2.059025456021614797e-01
