2.187523165378253420e-01
1.902826862858030266e-01
5.112124048761212958e-02
9.122687458022518125e-01
5.154330201577268511e-01
2.624756148401631073e+00
5.048162991453269965e-02
4.045048428843363020e-01
-3.824074790182662831e+00
-4.449497133355304612e+01
-7.218243307488034333e+00
0.000000000000000000e+00
0.000000000000000000e+00
0.000000000000000000e+00
0.000000000000000000e+00
1.000000000000000000e+00
1.000000000000000000e+00
1.000000000000000000e+00
1.000000000000000000e+00
1.000000000000000000e+00
1.000000000000000000e+00
1.000000000000000000e+00
