5.802198227121571628e-02
-3.160934509655793923e-02
2.453480135927726680e-01
1.808149665501638526e-01
2.011780626599639077e-01
3.090429255239012463e+00
1.183601781319233298e-01
1.366124982685847609e-02
-9.940542701262955472e-01
-2.865165518164916847e+01
-1.471386926974761922e+00
-1.009159452668660889e-04
-4.921706466322931505e-06
-1.208452235594135032e-01
-1.096963709644927648e-02
8.685280159552248858e-01
2.270046857511964604e-03
2.042851155865986826e-03
2.463907639197214245e-03
7.884887575017764452e-03
2.472310479135395034e-02
2.059025456021611744e-01
