3.269013028698970480e-01
2.840323270873446049e-01
9.658892480249955392e-01
1.322546756009524982e+00
-1.122608063700120340e+00
2.346390032836298545e+00
2.318114170346144975e-01
7.237002258613234318e-03
-4.200767561732904554e+00
-1.260331046726476245e+01
-3.194323291657752861e+00
0.000000000000000000e+00
0.000000000000000000e+00
0.000000000000000000e+00
0.000000000000000000e+00
1.000000000000000000e+00
1.000000000000000000e+00
1.000000000000000000e+00
1.000000000000000000e+00
1.000000000000000000e+00
1.000000000000000000e+00
1.000000000000000000e+00
