5.802198227121563995e-02
-3.160934509655787678e-02
2.453480135927735284e-01
1.808149665501640468e-01
2.011780626599649624e-01
3.090429255239009354e+00
1.183601781319232604e-01
1.366124982685901906e-02
-9.940542701262952141e-01
-2.865165518164922887e+01
-1.471386926974764142e+00
-1.009159452668618469e-04
-4.921706466322840873e-06
-1.208452235594131702e-01
-1.096963709644840565e-02
8.685280159552256629e-01
2.270046857511965905e-03
2.042851155865988994e-03
2.463907639197213811e-03
7.884887575017766187e-03
2.472310479135396422e-02
2.059025456021613132e-01
