1.523355648386474082e-01
2.235807036775889767e-01
9.158734920727739093e-01
2.482853291504019122e-01
1.594836605767557813e-01
2.940409394668996867e-02
2.763307341621083491e-01
2.920219065525204161e-01
-8.191140629494864100e-01
-2.555910630739868949e+01
-3.337457932331709287e+00
0.000000000000000000e+00
0.000000000000000000e+00
0.000000000000000000e+00
0.000000000000000000e+00
1.000000000000000000e+00
1.000000000000000000e+00
1.000000000000000000e+00
1.000000000000000000e+00
1.000000000000000000e+00
1.000000000000000000e+00
1.000000000000000000e+00
