4.972657041706251002e-01
-9.475254747093642127e-02
5.829833872508628501e-01
5.009311248413501616e-01
-1.068574502271397719e-01
4.427569537724550308e+00
2.827157831078727090e-01
1.733479394815310992e-01
-2.245420578253396471e-01
-3.457059902164698428e+01
-3.260481864865081292e+00
0.000000000000000000e+00
0.000000000000000000e+00
0.000000000000000000e+00
0.000000000000000000e+00
1.000000000000000000e+00
1.000000000000000000e+00
1.000000000000000000e+00
1.000000000000000000e+00
1.000000000000000000e+00
1.000000000000000000e+00
1.000000000000000000e+00
