5.802198227121575097e-02
-3.160934509655791841e-02
2.453480135927724182e-01
1.808149665501637970e-01
2.011780626599652955e-01
3.090429255239012019e+00
1.183601781319233021e-01
1.366124982685863742e-02
-9.940542701262953251e-01
-2.865165518164921821e+01
-1.471386926974763698e+00
-1.009159452668643677e-04
-4.921706466322786663e-06
-1.208452235594133090e-01
-1.096963709644823912e-02
8.685280159552251078e-01
2.270046857511965038e-03
2.042851155865983356e-03
2.463907639197213378e-03
7.884887575017766187e-03
2.472310479135393646e-02
2.059025456021611467e-01
