2.292005486581577545e-02
4.080560042549530309e-02
4.840141778290708574e-01
3.753796459325009494e-01
-1.951134135461381369e+00
9.736757065963114854e+00
2.505373018242038619e-01
9.480045162303718520e-03
-2.428945578633016744e+00
-3.579106959851223024e+01
-2.771042495025914931e+00
0.000000000000000000e+00
0.000000000000000000e+00
0.000000000000000000e+00
0.000000000000000000e+00
1.000000000000000000e+00
1.000000000000000000e+00
1.000000000000000000e+00
1.000000000000000000e+00
1.000000000000000000e+00
1.000000000000000000e+00
1.000000000000000000e+00
