5.802198227121575097e-02
-3.160934509655816127e-02
2.453480135927724737e-01
1.808149665501639913e-01
2.011780626599656008e-01
3.090429255239010242e+00
1.183601781319233021e-01
1.366124982685848130e-02
-9.940542701262954361e-01
-2.865165518164923952e+01
-1.471386926974763698e+00
-1.009159452668665632e-04
-4.921706466322974704e-06
-1.208452235594133783e-01
-1.096963709644868494e-02
8.685280159552251078e-01
2.270046857511964604e-03
2.042851155865992030e-03
2.463907639197213811e-03
7.884887575017766187e-03
2.472310479135393993e-02
2.059025456021613687e-01
