5.802198227121574403e-02
-3.160934509655816821e-02
2.453480135927725292e-01
1.808149665501641856e-01
2.011780626599646848e-01
3.090429255239008910e+00
1.183601781319232465e-01
1.366124982685864610e-02
-9.940542701262949921e-01
-2.865165518164926439e+01
-1.471386926974764364e+00
-1.009159452668669427e-04
-4.921706466323096677e-06
-1.208452235594135032e-01
-1.096963709644816626e-02
8.685280159552248858e-01
2.270046857511964604e-03
2.042851155865985091e-03
2.463907639197212510e-03
7.884887575017767922e-03
2.472310479135394340e-02
2.059025456021613965e-01
