3.905404670564385783e-01
-4.077067024700183895e-01
1.120206827629225410e-01
1.591090278593348728e+00
-9.280245590943527745e-01
8.077533377881071175e+00
1.493188999187018973e-01
2.409831227782265883e-01
6.177581271911387617e-01
-4.939699438000108245e+01
-3.758152964088364634e+00
0.000000000000000000e+00
0.000000000000000000e+00
0.000000000000000000e+00
0.000000000000000000e+00
1.000000000000000000e+00
1.000000000000000000e+00
1.000000000000000000e+00
1.000000000000000000e+00
1.000000000000000000e+00
1.000000000000000000e+00
1.000000000000000000e+00
