6.746702355406142271e-03
-2.238326711530534974e-01
1.804559306782554939e-01
5.433143485979523568e-01
1.646918735091114971e+00
7.011498048040780695e+00
2.093721401941766036e-01
4.295018560667760443e-01
-1.731671964177871281e+00
-1.126712029220403366e+01
-1.455462362673271670e+00
0.000000000000000000e+00
0.000000000000000000e+00
0.000000000000000000e+00
0.000000000000000000e+00
1.000000000000000000e+00
1.000000000000000000e+00
1.000000000000000000e+00
1.000000000000000000e+00
1.000000000000000000e+00
1.000000000000000000e+00
1.000000000000000000e+00
