5.802198227121564689e-02
-3.160934509655823066e-02
2.453480135927735006e-01
1.808149665501643244e-01
2.011780626599631305e-01
3.090429255239008022e+00
1.183601781319232465e-01
1.366124982685876753e-02
-9.940542701262949921e-01
-2.865165518164924308e+01
-1.471386926974764142e+00
-1.009159452668654383e-04
-4.921706466323168674e-06
-1.208452235594134200e-01
-1.096963709644909087e-02
8.685280159552251078e-01
2.270046857511965471e-03
2.042851155865995066e-03
2.463907639197213811e-03
7.884887575017766187e-03
2.472310479135397115e-02
2.059025456021612577e-01
