5.802198227121571628e-02
-3.160934509655817515e-02
2.453480135927727235e-01
1.808149665501637138e-01
2.011780626599648791e-01
3.090429255239013795e+00
1.183601781319232743e-01
1.366124982685849344e-02
-9.940542701262951031e-01
-2.865165518164919689e+01
-1.471386926974762588e+00
-1.009159452668695041e-04
-4.921706466323347398e-06
-1.208452235594135726e-01
-1.096963709644912903e-02
8.685280159552247747e-01
2.270046857511964604e-03
2.042851155865994632e-03
2.463907639197213811e-03
7.884887575017766187e-03
2.472310479135392258e-02
2.059025456021612299e-01
