5.802198227121570934e-02
-3.160934509655836944e-02
2.453480135927728900e-01
1.808149665501643522e-01
2.011780626599648236e-01
3.090429255239007578e+00
1.183601781319232049e-01
1.366124982685853508e-02
-9.940542701262944369e-01
-2.865165518164928926e+01
-1.471386926974764808e+00
-1.009159452668675932e-04
-4.921706466323645554e-06
-1.208452235594136281e-01
-1.096963709644779850e-02
8.685280159552248858e-01
2.270046857511963737e-03
2.042851155865986826e-03
2.463907639197213378e-03
7.884887575017767922e-03
2.472310479135395728e-02
2.059025456021615630e-01
