1.825527915113469568e-01
-4.879408410666208340e-02
4.960603487677894829e-01
1.512441331902738550e-01
2.870463293108835856e-01
2.896340057739585916e+00
1.544022293942123869e-01
1.874380832526102991e-01
-1.048599534139134093e-01
-1.558265314634347476e+00
-2.111187808355299289e+00
0.000000000000000000e+00
0.000000000000000000e+00
0.000000000000000000e+00
0.000000000000000000e+00
1.000000000000000000e+00
1.000000000000000000e+00
1.000000000000000000e+00
1.000000000000000000e+00
1.000000000000000000e+00
1.000000000000000000e+00
1.000000000000000000e+00
