5.802198227121567464e-02
-3.160934509655803637e-02
2.453480135927731398e-01
1.808149665501636305e-01
2.011780626599648791e-01
3.090429255239014239e+00
1.183601781319233021e-01
1.366124982685848477e-02
-9.940542701262954361e-01
-2.865165518164919334e+01
-1.471386926974762810e+00
-1.009159452668695719e-04
-4.921706466323182227e-06
-1.208452235594135310e-01
-1.096963709644788870e-02
8.685280159552247747e-01
2.270046857511964604e-03
2.042851155865991163e-03
2.463907639197213811e-03
7.884887575017766187e-03
2.472310479135396422e-02
2.059025456021612022e-01
