5.802198227121568158e-02
-3.160934509655827229e-02
2.453480135927731398e-01
1.808149665501643799e-01
2.011780626599636579e-01
3.090429255239007578e+00
1.183601781319232188e-01
1.366124982685903121e-02
-9.940542701262948810e-01
-2.865165518164927860e+01
-1.471386926974765252e+00
-1.009159452668663735e-04
-4.921706466323709081e-06
-1.208452235594134755e-01
-1.096963709644800146e-02
8.685280159552254409e-01
2.270046857511965038e-03
2.042851155865988127e-03
2.463907639197213378e-03
7.884887575017767922e-03
2.472310479135395381e-02
2.059025456021614242e-01
