5.802198227121560525e-02
-3.160934509655805025e-02
2.453480135927737782e-01
1.808149665501640468e-01
2.011780626599634358e-01
3.090429255239010686e+00
1.183601781319233298e-01
1.366124982685907284e-02
-9.940542701262959913e-01
-2.865165518164924663e+01
-1.471386926974765252e+00
-1.009159452668662244e-04
-4.921706466323095830e-06
-1.208452235594135171e-01
-1.096963709644950546e-02
8.685280159552247747e-01
2.270046857511967206e-03
2.042851155865989428e-03
2.463907639197213811e-03
7.884887575017766187e-03
2.472310479135395728e-02
2.059025456021612299e-01
