3.838024769557669691e-01
-4.461901571588956505e-01
2.554511427736613216e-01
9.344302365232097785e-01
-1.846363152804144647e+00
8.985642452521058754e-01
1.233037557001857021e-01
6.758227138185518568e-02
-4.787065513057100041e+00
-3.624663090972072155e+01
-2.005489735679731211e+00
0.000000000000000000e+00
0.000000000000000000e+00
0.000000000000000000e+00
0.000000000000000000e+00
1.000000000000000000e+00
1.000000000000000000e+00
1.000000000000000000e+00
1.000000000000000000e+00
1.000000000000000000e+00
1.000000000000000000e+00
1.000000000000000000e+00
