5.802198227121579260e-02
-3.160934509655812658e-02
2.453480135927720851e-01
1.808149665501637138e-01
2.011780626599645738e-01
3.090429255239013351e+00
1.183601781319233159e-01
1.366124982685849344e-02
-9.940542701262954361e-01
-2.865165518164920400e+01
-1.471386926974763032e+00
-1.009159452668692195e-04
-4.921706466323209332e-06
-1.208452235594134477e-01
-1.096963709644901280e-02
8.685280159552251078e-01
2.270046857511964170e-03
2.042851155865978152e-03
2.463907639197212944e-03
7.884887575017766187e-03
2.472310479135392258e-02
2.059025456021611744e-01
