4.968731321960177527e-01
-4.949960843438616642e-01
5.845977749226685116e-01
7.632191439590312321e-01
-1.087296489292623125e+00
1.324188152685330522e+00
2.896218728965865852e-02
1.074267652928621031e-01
-2.943264775468668049e+00
-4.408547672547098273e+01
-2.885895893193030304e+00
0.000000000000000000e+00
0.000000000000000000e+00
0.000000000000000000e+00
0.000000000000000000e+00
1.000000000000000000e+00
1.000000000000000000e+00
1.000000000000000000e+00
1.000000000000000000e+00
1.000000000000000000e+00
1.000000000000000000e+00
1.000000000000000000e+00
