5.802198227121573709e-02
-3.160934509655829311e-02
2.453480135927726402e-01
1.808149665501641856e-01
2.011780626599656563e-01
3.090429255239008466e+00
1.183601781319233159e-01
1.366124982685838762e-02
-9.940542701262955472e-01
-2.865165518164922531e+01
-1.471386926974763476e+00
-1.009159452668653028e-04
-4.921706466322679936e-06
-1.208452235594133922e-01
-1.096963709644939965e-02
8.685280159552248858e-01
2.270046857511964604e-03
2.042851155865997668e-03
2.463907639197214679e-03
7.884887575017764452e-03
2.472310479135396075e-02
2.059025456021615352e-01
