3.868553923175370168e-01
-1.009163322230611781e-01
5.982217478798393939e-01
7.251368441769348028e-01
-6.449306335491393760e-01
5.617322837066970109e+00
3.747189756674941807e-01
2.658710918250949962e-01
6.975238581891751721e-01
-2.879327633055940794e+01
-4.817276438485969869e+00
0.000000000000000000e+00
0.000000000000000000e+00
0.000000000000000000e+00
0.000000000000000000e+00
1.000000000000000000e+00
1.000000000000000000e+00
1.000000000000000000e+00
1.000000000000000000e+00
1.000000000000000000e+00
1.000000000000000000e+00
1.000000000000000000e+00
