5.802198227121569546e-02
-3.160934509655812658e-02
2.453480135927729455e-01
1.808149665501642134e-01
2.011780626599657118e-01
3.090429255239008022e+00
1.183601781319232882e-01
1.366124982685848650e-02
-9.940542701262952141e-01
-2.865165518164924308e+01
-1.471386926974764364e+00
-1.009159452668653164e-04
-4.921706466323566780e-06
-1.208452235594134477e-01
-1.096963709644813156e-02
8.685280159552251078e-01
2.270046857511964170e-03
2.042851155865985958e-03
2.463907639197212510e-03
7.884887575017764452e-03
2.472310479135393646e-02
2.059025456021613965e-01
