4.592098712080640022e-01
2.417778136860156968e-01
2.335681360925313532e-01
1.004209159394247264e+00
1.724156274700109570e+00
4.501693985540450527e+00
3.896901126150460470e-01
8.698576544363834095e-02
-4.969354962636357342e+00
-3.333669601844169961e+01
-5.599804203001501612e+00
0.000000000000000000e+00
0.000000000000000000e+00
0.000000000000000000e+00
0.000000000000000000e+00
1.000000000000000000e+00
1.000000000000000000e+00
1.000000000000000000e+00
1.000000000000000000e+00
1.000000000000000000e+00
1.000000000000000000e+00
1.000000000000000000e+00
