2.625073521234405627e-02
-2.479976359802117392e-01
2.244732096347418215e-01
4.949870335556116885e-02
1.427723510836881538e+00
2.155202580708084348e+00
2.182333823533564865e-01
3.439902581773682244e-01
5.223182948786986302e-01
-1.072890566185352412e+01
-6.637883634183868509e+00
0.000000000000000000e+00
0.000000000000000000e+00
0.000000000000000000e+00
0.000000000000000000e+00
1.000000000000000000e+00
1.000000000000000000e+00
1.000000000000000000e+00
1.000000000000000000e+00
1.000000000000000000e+00
1.000000000000000000e+00
1.000000000000000000e+00
