5.802198227121572321e-02
-3.160934509655835556e-02
2.453480135927727512e-01
1.808149665501641301e-01
2.011780626599639077e-01
3.090429255239009798e+00
1.183601781319232604e-01
1.366124982685855936e-02
-9.940542701262949921e-01
-2.865165518164924663e+01
-1.471386926974763920e+00
-1.009159452668685961e-04
-4.921706466323283024e-06
-1.208452235594135310e-01
-1.096963709644881504e-02
8.685280159552248858e-01
2.270046857511964170e-03
2.042851155865987693e-03
2.463907639197212510e-03
7.884887575017767922e-03
2.472310479135394340e-02
2.059025456021612577e-01
