3.717331126671453156e-01
1.307189846843888059e-01
9.287053585582935034e-01
1.603348315056234208e+00
5.446145391949257508e-01
2.081173300302072704e+00
2.513897474406570076e-01
3.015969095010266887e-01
-2.367713907646209925e+00
-4.898448476356757197e+01
-1.224248673111635100e+00
0.000000000000000000e+00
0.000000000000000000e+00
0.000000000000000000e+00
0.000000000000000000e+00
1.000000000000000000e+00
1.000000000000000000e+00
1.000000000000000000e+00
1.000000000000000000e+00
1.000000000000000000e+00
1.000000000000000000e+00
1.000000000000000000e+00
