5.802198227121587587e-02
-3.160934509655814045e-02
2.453480135927711969e-01
1.808149665501635195e-01
2.011780626599661559e-01
3.090429255239014239e+00
1.183601781319233159e-01
1.366124982685797649e-02
-9.940542701262952141e-01
-2.865165518164917202e+01
-1.471386926974761256e+00
-1.009159452668664819e-04
-4.921706466323011973e-06
-1.208452235594135032e-01
-1.096963709644919321e-02
8.685280159552247747e-01
2.270046857511963303e-03
2.042851155865985525e-03
2.463907639197214245e-03
7.884887575017767922e-03
2.472310479135389830e-02
2.059025456021611467e-01
