5.802198227121569546e-02
-3.160934509655807800e-02
2.453480135927730010e-01
1.808149665501642411e-01
2.011780626599646848e-01
3.090429255239008022e+00
1.183601781319232882e-01
1.366124982685885253e-02
-9.940542701262953251e-01
-2.865165518164920755e+01
-1.471386926974763032e+00
-1.009159452668623755e-04
-4.921706466323382974e-06
-1.208452235594133367e-01
-1.096963709644911689e-02
8.685280159552253298e-01
2.270046857511965905e-03
2.042851155865996367e-03
2.463907639197214679e-03
7.884887575017766187e-03
2.472310479135395728e-02
2.059025456021613965e-01
