7.708142118983618563e-02
2.400496965154047535e-01
2.633150151851346710e-01
1.067478786760595488e+00
-1.941700150058321306e+00
9.187470080998849653e+00
4.503574270585061212e-01
1.671071381317229543e-02
7.416960176507005897e-01
-4.313953393219617993e+01
-7.161716470420541825e+00
0.000000000000000000e+00
0.000000000000000000e+00
0.000000000000000000e+00
0.000000000000000000e+00
1.000000000000000000e+00
1.000000000000000000e+00
1.000000000000000000e+00
1.000000000000000000e+00
1.000000000000000000e+00
1.000000000000000000e+00
1.000000000000000000e+00
