5.802198227121563995e-02
-3.160934509655852209e-02
2.453480135927735006e-01
1.808149665501642966e-01
2.011780626599626309e-01
3.090429255239009354e+00
1.183601781319232465e-01
1.366124982685842579e-02
-9.940542701262947700e-01
-2.865165518164925729e+01
-1.471386926974764808e+00
-1.009159452668745998e-04
-4.921706466322779039e-06
-1.208452235594137947e-01
-1.096963709644773431e-02
8.685280159552244417e-01
2.270046857511963737e-03
2.042851155865985958e-03
2.463907639197210776e-03
7.884887575017764452e-03
2.472310479135396075e-02
2.059025456021612022e-01
