2.429594211721365915e-01
-3.132832936221018327e-01
1.855304745860748561e-01
1.905453548304085531e+00
2.953039400717605290e-01
3.809844898478649267e+00
1.353594166018019518e-01
2.067920760521880230e-01
-1.606774944526327964e+00
-1.701423224906295673e+01
-8.614772579527734564e+00
0.000000000000000000e+00
0.000000000000000000e+00
0.000000000000000000e+00
0.000000000000000000e+00
1.000000000000000000e+00
1.000000000000000000e+00
1.000000000000000000e+00
1.000000000000000000e+00
1.000000000000000000e+00
1.000000000000000000e+00
1.000000000000000000e+00
