5.802198227121591750e-02
-3.160934509655789759e-02
2.453480135927707528e-01
1.808149665501642689e-01
2.011780626599664334e-01
3.090429255239007578e+00
1.183601781319232604e-01
1.366124982685854028e-02
-9.940542701262949921e-01
-2.865165518164921465e+01
-1.471386926974761700e+00
-1.009159452668676745e-04
-4.921706466322797674e-06
-1.208452235594133922e-01
-1.096963709644785921e-02
8.685280159552253298e-01
2.270046857511963303e-03
2.042851155865984657e-03
2.463907639197214679e-03
7.884887575017766187e-03
2.472310479135391564e-02
2.059025456021616185e-01
