3.009794172625701592e-03
-8.959594447192298361e-03
5.778075129582977976e-01
7.194424991369696709e-01
-8.965344022550341130e-01
5.178085521186019946e+00
2.232033285646407572e-01
1.593937126540417859e-02
-2.107077869951083926e-01
-4.958217613814485958e+01
-7.694120908675615489e+00
0.000000000000000000e+00
0.000000000000000000e+00
0.000000000000000000e+00
0.000000000000000000e+00
1.000000000000000000e+00
1.000000000000000000e+00
1.000000000000000000e+00
1.000000000000000000e+00
1.000000000000000000e+00
1.000000000000000000e+00
1.000000000000000000e+00
