5.802198227121577179e-02
-3.160934509655820290e-02
2.453480135927723071e-01
1.808149665501640468e-01
2.011780626599656563e-01
3.090429255239009798e+00
1.183601781319232327e-01
1.366124982685846395e-02
-9.940542701262946590e-01
-2.865165518164922176e+01
-1.471386926974763032e+00
-1.009159452668648556e-04
-4.921706466322701112e-06
-1.208452235594133645e-01
-1.096963709644811422e-02
8.685280159552251078e-01
2.270046857511963303e-03
2.042851155865993765e-03
2.463907639197213378e-03
7.884887575017762718e-03
2.472310479135392952e-02
2.059025456021613409e-01
