5.802198227121573015e-02
-3.160934509655811964e-02
2.453480135927726125e-01
1.808149665501642689e-01
2.011780626599634081e-01
3.090429255239008910e+00
1.183601781319232743e-01
1.366124982685876406e-02
-9.940542701262952141e-01
-2.865165518164923952e+01
-1.471386926974763698e+00
-1.009159452668668614e-04
-4.921706466323119547e-06
-1.208452235594134755e-01
-1.096963709644803615e-02
8.685280159552247747e-01
2.270046857511964170e-03
2.042851155865991596e-03
2.463907639197213378e-03
7.884887575017766187e-03
2.472310479135395728e-02
2.059025456021613409e-01
