1.061602846204539041e-01
-3.744179289022502299e-01
2.831600098752170558e-01
1.350715790993982202e+00
8.427406778408235155e-01
3.378134015939782131e-02
2.753780488330122567e-01
4.691483838289088881e-01
-2.091471581185197159e+00
-9.262958525062259696e+00
-8.115862655285102534e+00
0.000000000000000000e+00
0.000000000000000000e+00
0.000000000000000000e+00
0.000000000000000000e+00
1.000000000000000000e+00
1.000000000000000000e+00
1.000000000000000000e+00
1.000000000000000000e+00
1.000000000000000000e+00
1.000000000000000000e+00
1.000000000000000000e+00
