1.500858273187014591e-01
2.588445454845065274e-01
3.225624383624765557e-01
1.525808695787991276e+00
1.117116112357631863e+00
6.906863155553578437e+00
2.471646863931852289e-01
4.511879637955714673e-01
-1.828317213650563211e+00
-1.326784141553989116e+01
-8.449916139366292711e+00
0.000000000000000000e+00
0.000000000000000000e+00
0.000000000000000000e+00
0.000000000000000000e+00
1.000000000000000000e+00
1.000000000000000000e+00
1.000000000000000000e+00
1.000000000000000000e+00
1.000000000000000000e+00
1.000000000000000000e+00
1.000000000000000000e+00
