5.802198227121577873e-02
-3.160934509655841801e-02
2.453480135927721684e-01
1.808149665501634917e-01
2.011780626599640742e-01
3.090429255239016015e+00
1.183601781319233853e-01
1.366124982685813262e-02
-9.940542701262958802e-01
-2.865165518164918268e+01
-1.471386926974763032e+00
-1.009159452668719978e-04
-4.921706466323270318e-06
-1.208452235594137392e-01
-1.096963709644891913e-02
8.685280159552242196e-01
2.270046857511964170e-03
2.042851155865991596e-03
2.463907639197211643e-03
7.884887575017762718e-03
2.472310479135391911e-02
2.059025456021611189e-01
