5.802198227121557750e-02
-3.160934509655816821e-02
2.453480135927741113e-01
1.808149665501637693e-01
2.011780626599647959e-01
3.090429255239012907e+00
1.183601781319232882e-01
1.366124982685862528e-02
-9.940542701262952141e-01
-2.865165518164920755e+01
-1.471386926974763920e+00
-1.009159452668702630e-04
-4.921706466323203403e-06
-1.208452235594135171e-01
-1.096963709644789738e-02
8.685280159552247747e-01
2.270046857511965471e-03
2.042851155865989428e-03
2.463907639197214245e-03
7.884887575017766187e-03
2.472310479135398156e-02
2.059025456021610911e-01
