4.029833588348665785e-01
4.850243078165089594e-01
1.327830004920729223e-01
4.943932598491169728e-01
9.064187362129021430e-01
4.182901235542716201e+00
2.138699633077449924e-01
3.626674902143015577e-01
-1.210524688720973074e-01
-2.260708832093098408e+01
-5.789226981779052039e-01
0.000000000000000000e+00
0.000000000000000000e+00
0.000000000000000000e+00
0.000000000000000000e+00
1.000000000000000000e+00
1.000000000000000000e+00
1.000000000000000000e+00
1.000000000000000000e+00
1.000000000000000000e+00
1.000000000000000000e+00
1.000000000000000000e+00
