5.802198227121564689e-02
-3.160934509655811964e-02
2.453480135927733896e-01
1.808149665501639081e-01
2.011780626599632138e-01
3.090429255239012463e+00
1.183601781319232882e-01
1.366124982685873977e-02
-9.940542701262954361e-01
-2.865165518164922531e+01
-1.471386926974764142e+00
-1.009159452668686774e-04
-4.921706466322938282e-06
-1.208452235594135588e-01
-1.096963709644870229e-02
8.685280159552247747e-01
2.270046857511965471e-03
2.042851155865987259e-03
2.463907639197212944e-03
7.884887575017766187e-03
2.472310479135395381e-02
2.059025456021611189e-01
