5.802198227121572321e-02
-3.160934509655796004e-02
2.453480135927727235e-01
1.808149665501643799e-01
2.011780626599654620e-01
3.090429255239006689e+00
1.183601781319232327e-01
1.366124982685886294e-02
-9.940542701262947700e-01
-2.865165518164923242e+01
-1.471386926974763032e+00
-1.009159452668659127e-04
-4.921706466322536788e-06
-1.208452235594132673e-01
-1.096963709644796330e-02
8.685280159552254409e-01
2.270046857511964604e-03
2.042851155865998535e-03
2.463907639197214679e-03
7.884887575017766187e-03
2.472310479135396769e-02
2.059025456021614520e-01
