5.802198227121575791e-02
-3.160934509655818903e-02
2.453480135927723349e-01
1.808149665501641301e-01
2.011780626599651012e-01
3.090429255239009354e+00
1.183601781319232743e-01
1.366124982685839630e-02
-9.940542701262951031e-01
-2.865165518164924663e+01
-1.471386926974763920e+00
-1.009159452668686503e-04
-4.921706466323440572e-06
-1.208452235594136420e-01
-1.096963709644847677e-02
8.685280159552247747e-01
2.270046857511963303e-03
2.042851155865990729e-03
2.463907639197213811e-03
7.884887575017767922e-03
2.472310479135393993e-02
2.059025456021613965e-01
