5.802198227121575791e-02
-3.160934509655820984e-02
2.453480135927724182e-01
1.808149665501640746e-01
2.011780626599637134e-01
3.090429255239010242e+00
1.183601781319232743e-01
1.366124982685863569e-02
-9.940542701262951031e-01
-2.865165518164922176e+01
-1.471386926974763254e+00
-1.009159452668694499e-04
-4.921706466322818850e-06
-1.208452235594135032e-01
-1.096963709644895903e-02
8.685280159552248858e-01
2.270046857511964170e-03
2.042851155865994632e-03
2.463907639197214245e-03
7.884887575017764452e-03
2.472310479135392952e-02
2.059025456021613132e-01
