3.983203218696224068e-02
-4.975446258148321643e-01
2.443841835664053441e-01
8.539007836669041396e-01
9.330028221949935308e-01
8.963836187705556569e+00
4.998945639714395539e-01
5.999200139813554156e-02
-1.987651334773997025e+00
-5.904538345048017334e+00
-5.548140109573465040e+00
0.000000000000000000e+00
0.000000000000000000e+00
0.000000000000000000e+00
0.000000000000000000e+00
1.000000000000000000e+00
1.000000000000000000e+00
1.000000000000000000e+00
1.000000000000000000e+00
1.000000000000000000e+00
1.000000000000000000e+00
1.000000000000000000e+00
