4.229388178018403388e-01
-3.964101212168466004e-01
2.343235266234300340e-02
1.756955544436961780e+00
-1.473747032797429135e+00
5.855302755582728835e+00
4.953880180646008657e-02
3.970589257313452136e-01
-4.654247476735935862e+00
-2.331974706068275083e+01
-7.925604868922891733e+00
0.000000000000000000e+00
0.000000000000000000e+00
0.000000000000000000e+00
0.000000000000000000e+00
1.000000000000000000e+00
1.000000000000000000e+00
1.000000000000000000e+00
1.000000000000000000e+00
1.000000000000000000e+00
1.000000000000000000e+00
1.000000000000000000e+00
