5.802198227121574403e-02
-3.160934509655802249e-02
2.453480135927725014e-01
1.808149665501637970e-01
2.011780626599652400e-01
3.090429255239012463e+00
1.183601781319233021e-01
1.366124982685872589e-02
-9.940542701262954361e-01
-2.865165518164921465e+01
-1.471386926974762810e+00
-1.009159452668642186e-04
-4.921706466323218649e-06
-1.208452235594134616e-01
-1.096963709644829463e-02
8.685280159552248858e-01
2.270046857511965471e-03
2.042851155865991596e-03
2.463907639197213811e-03
7.884887575017767922e-03
2.472310479135393993e-02
2.059025456021613409e-01
