5.802198227121574403e-02
-3.160934509655823066e-02
2.453480135927725014e-01
1.808149665501639358e-01
2.011780626599661004e-01
3.090429255239010686e+00
1.183601781319232882e-01
1.366124982685814303e-02
-9.940542701262949921e-01
-2.865165518164923242e+01
-1.471386926974763476e+00
-1.009159452668681624e-04
-4.921706466323201709e-06
-1.208452235594135588e-01
-1.096963709644812116e-02
8.685280159552248858e-01
2.270046857511963737e-03
2.042851155865985525e-03
2.463907639197213811e-03
7.884887575017767922e-03
2.472310479135393299e-02
2.059025456021612577e-01
