2.199580469107987879e-01
-2.954502093511476302e-01
3.276273834396907780e-01
1.339467053637135585e+00
4.245608626874539659e-01
3.881993276961206440e+00
9.128799369560924859e-02
4.952408353270503771e-01
-4.666812979349165502e+00
-1.946989096611338610e+01
-3.815565513223252658e+00
0.000000000000000000e+00
0.000000000000000000e+00
0.000000000000000000e+00
0.000000000000000000e+00
1.000000000000000000e+00
1.000000000000000000e+00
1.000000000000000000e+00
1.000000000000000000e+00
1.000000000000000000e+00
1.000000000000000000e+00
1.000000000000000000e+00
