2.632270879889908599e-02
-2.731382174152416908e-01
2.705305055484257259e-01
1.008876178234712206e+00
3.877508647043836909e-01
5.252568062835497820e+00
3.706767801322213840e-01
8.551836975280613373e-03
6.795495089836816049e-01
-2.654297613413847401e+01
-3.323719027902857448e+00
0.000000000000000000e+00
0.000000000000000000e+00
0.000000000000000000e+00
0.000000000000000000e+00
1.000000000000000000e+00
1.000000000000000000e+00
1.000000000000000000e+00
1.000000000000000000e+00
1.000000000000000000e+00
1.000000000000000000e+00
1.000000000000000000e+00
