5.802198227121557056e-02
-3.160934509655853597e-02
2.453480135927742223e-01
1.808149665501639636e-01
2.011780626599629362e-01
3.090429255239012019e+00
1.183601781319232327e-01
1.366124982685837548e-02
-9.940542701262946590e-01
-2.865165518164921821e+01
-1.471386926974763698e+00
-1.009159452668723366e-04
-4.921706466323964038e-06
-1.208452235594137392e-01
-1.096963709644745155e-02
8.685280159552244417e-01
2.270046857511963737e-03
2.042851155865988127e-03
2.463907639197212077e-03
7.884887575017764452e-03
2.472310479135396769e-02
2.059025456021611744e-01
