4.040533126895380356e-01
3.484622911872401474e-01
7.968369616511375986e-01
4.077891214190942915e-01
-9.304354997938899530e-01
2.747945433194916909e+00
2.004893866612145192e-02
1.686491366773301692e-01
-3.650257603558572761e+00
-1.559717635405775127e-01
-3.913614652672508853e+00
0.000000000000000000e+00
0.000000000000000000e+00
0.000000000000000000e+00
0.000000000000000000e+00
1.000000000000000000e+00
1.000000000000000000e+00
1.000000000000000000e+00
1.000000000000000000e+00
1.000000000000000000e+00
1.000000000000000000e+00
1.000000000000000000e+00
