5.802198227121570240e-02
-3.160934509655811964e-02
2.453480135927728623e-01
1.808149665501638803e-01
2.011780626599639910e-01
3.090429255239012019e+00
1.183601781319233159e-01
1.366124982685862528e-02
-9.940542701262954361e-01
-2.865165518164920755e+01
-1.471386926974763032e+00
-1.009159452668667123e-04
-4.921706466323039925e-06
-1.208452235594135865e-01
-1.096963709644828248e-02
8.685280159552245527e-01
2.270046857511964170e-03
2.042851155865985525e-03
2.463907639197213811e-03
7.884887575017766187e-03
2.472310479135394340e-02
2.059025456021613132e-01
