5.802198227121578566e-02
-3.160934509655814739e-02
2.453480135927720851e-01
1.808149665501640746e-01
2.011780626599661281e-01
3.090429255239009354e+00
1.183601781319232188e-01
1.366124982685838936e-02
-9.940542701262945480e-01
-2.865165518164924308e+01
-1.471386926974763254e+00
-1.009159452668657772e-04
-4.921706466323504100e-06
-1.208452235594134616e-01
-1.096963709644965985e-02
8.685280159552251078e-01
2.270046857511963303e-03
2.042851155865987259e-03
2.463907639197214245e-03
7.884887575017767922e-03
2.472310479135393299e-02
2.059025456021613409e-01
