2.558176039659857404e-01
-4.389800358234841049e-02
2.479347052590963330e-01
1.181613976657218679e-01
1.695904107279256667e+00
6.446804901483730532e+00
1.922607478327363895e-01
2.197724268560515282e-01
-3.533569367316879539e+00
-7.906411629702361665e+00
-2.867130261496342314e-01
0.000000000000000000e+00
0.000000000000000000e+00
0.000000000000000000e+00
0.000000000000000000e+00
1.000000000000000000e+00
1.000000000000000000e+00
1.000000000000000000e+00
1.000000000000000000e+00
1.000000000000000000e+00
1.000000000000000000e+00
1.000000000000000000e+00
