5.802198227121559831e-02
-3.160934509655823760e-02
2.453480135927740280e-01
1.808149665501641301e-01
2.011780626599654898e-01
3.090429255239009354e+00
1.183601781319233298e-01
1.366124982685885079e-02
-9.940542701262958802e-01
-2.865165518164925018e+01
-1.471386926974765696e+00
-1.009159452668648285e-04
-4.921706466323072113e-06
-1.208452235594134061e-01
-1.096963709644948985e-02
8.685280159552253298e-01
2.270046857511967206e-03
2.042851155865991163e-03
2.463907639197212944e-03
7.884887575017764452e-03
2.472310479135396422e-02
2.059025456021612299e-01
