3.168802724165635798e-01
4.140319527336822070e-01
9.137978208648711576e-01
1.528006816119280131e+00
-1.272319536477468649e+00
1.720256477186746791e+00
8.029872663814213718e-02
3.045054069164783161e-01
-2.846062422265701830e+00
-3.188467242744706809e+01
-4.316149514743258919e+00
0.000000000000000000e+00
0.000000000000000000e+00
0.000000000000000000e+00
0.000000000000000000e+00
1.000000000000000000e+00
1.000000000000000000e+00
1.000000000000000000e+00
1.000000000000000000e+00
1.000000000000000000e+00
1.000000000000000000e+00
1.000000000000000000e+00
