5.802198227121577873e-02
-3.160934509655819596e-02
2.453480135927722516e-01
1.808149665501637970e-01
2.011780626599666555e-01
3.090429255239011574e+00
1.183601781319233021e-01
1.366124982685830436e-02
-9.940542701262952141e-01
-2.865165518164921110e+01
-1.471386926974762810e+00
-1.009159452668678507e-04
-4.921706466322978092e-06
-1.208452235594133367e-01
-1.096963709644779156e-02
8.685280159552251078e-01
2.270046857511963737e-03
2.042851155865992464e-03
2.463907639197213378e-03
7.884887575017764452e-03
2.472310479135392605e-02
2.059025456021613687e-01
