3.049007939317088245e-01
4.589100123196298009e-01
3.076849743380319913e-01
1.208252576778541254e-01
-2.638196216692900720e-01
4.968960097493249961e+00
4.878594767329348381e-01
3.718560339917321156e-01
-2.582159089813709230e+00
-1.997589715758563145e+01
-1.916448615417987611e+00
0.000000000000000000e+00
0.000000000000000000e+00
0.000000000000000000e+00
0.000000000000000000e+00
1.000000000000000000e+00
1.000000000000000000e+00
1.000000000000000000e+00
1.000000000000000000e+00
1.000000000000000000e+00
1.000000000000000000e+00
1.000000000000000000e+00
