3.303283053222384469e-01
3.714395280913507236e-01
1.970882213357861845e-01
5.615454186549382332e-01
5.002124355472981065e-02
4.940533810264343906e+00
1.125469816841975779e-01
7.191245610180518888e-02
-3.946243361311406517e+00
-2.847476075072390955e+01
-4.559951792251515812e+00
0.000000000000000000e+00
0.000000000000000000e+00
0.000000000000000000e+00
0.000000000000000000e+00
1.000000000000000000e+00
1.000000000000000000e+00
1.000000000000000000e+00
1.000000000000000000e+00
1.000000000000000000e+00
1.000000000000000000e+00
1.000000000000000000e+00
