5.802198227121573015e-02
-3.160934509655806413e-02
2.453480135927726402e-01
1.808149665501643522e-01
2.011780626599656840e-01
3.090429255239006689e+00
1.183601781319232327e-01
1.366124982685891498e-02
-9.940542701262949921e-01
-2.865165518164924663e+01
-1.471386926974764142e+00
-1.009159452668632970e-04
-4.921706466322806991e-06
-1.208452235594132812e-01
-1.096963709644850626e-02
8.685280159552256629e-01
2.270046857511965038e-03
2.042851155865997668e-03
2.463907639197213811e-03
7.884887575017764452e-03
2.472310479135394687e-02
2.059025456021614797e-01
