0.000000000000000000e+00
-3.861141041268340100e-03
7.940224882130501038e-01
4.980325701769433344e+00
6.281755897503561448e-01
-4.335091119156960104e+01
2.190274366792720695e+00
6.925050959699218245e-01
-2.115201112606447253e+01
-2.211795235350147379e+02
2.071080980363045887e-01
-1.892092104776681150e-05
1.697318702135860305e-05
-1.152040088676977853e-01
-2.439666198486373574e-02
6.877057450913569570e-01
8.805154067439494026e-03
5.764530896576339561e-03
7.833886771530264997e-03
1.875197196637495151e-02
4.727820667590979659e-02
2.681876261669320360e-01
