2.319682588429837766e-01
-2.769646162654105792e-01
3.222240208034887754e-01
6.359538396287667261e-02
1.113253130202539243e+00
2.585925260937402825e+00
1.936658746753511240e-01
8.992119845284146651e-02
-1.930262337940936934e+00
-4.096028856182363143e+01
-8.986518267069619981e+00
0.000000000000000000e+00
0.000000000000000000e+00
0.000000000000000000e+00
0.000000000000000000e+00
1.000000000000000000e+00
1.000000000000000000e+00
1.000000000000000000e+00
1.000000000000000000e+00
1.000000000000000000e+00
1.000000000000000000e+00
1.000000000000000000e+00
