5.802198227121577873e-02
-3.160934509655805025e-02
2.453480135927721129e-01
1.808149665501636583e-01
2.011780626599663224e-01
3.090429255239013351e+00
1.183601781319232604e-01
1.366124982685826099e-02
-9.940542701262947700e-01
-2.865165518164922887e+01
-1.471386926974762810e+00
-1.009159452668674712e-04
-4.921706466323334693e-06
-1.208452235594135310e-01
-1.096963709644907525e-02
8.685280159552245527e-01
2.270046857511962869e-03
2.042851155865989428e-03
2.463907639197213811e-03
7.884887575017766187e-03
2.472310479135393646e-02
2.059025456021613132e-01
