4.239218762810587071e-01
-2.168790207264237324e-03
2.040477176070046861e-01
1.504543214592473532e+00
5.233259532394738400e-01
5.692516540568981487e-01
2.138444138499084879e-02
2.099932409998429561e-01
9.223690119159684286e-01
-4.548414824055047490e+01
-8.779015022159960324e+00
0.000000000000000000e+00
0.000000000000000000e+00
0.000000000000000000e+00
0.000000000000000000e+00
1.000000000000000000e+00
1.000000000000000000e+00
1.000000000000000000e+00
1.000000000000000000e+00
1.000000000000000000e+00
1.000000000000000000e+00
1.000000000000000000e+00
