4.371806858924654482e-01
-1.537522625898862794e-01
6.366744549738758696e-01
1.175073700153420608e+00
-1.378492106777740478e+00
8.418431316949551046e+00
1.495497667090579519e-01
5.575242791408890897e-02
-3.339288572293366286e-01
-1.336323758154679098e+01
-7.856323236354999295e+00
0.000000000000000000e+00
0.000000000000000000e+00
0.000000000000000000e+00
0.000000000000000000e+00
1.000000000000000000e+00
1.000000000000000000e+00
1.000000000000000000e+00
1.000000000000000000e+00
1.000000000000000000e+00
1.000000000000000000e+00
1.000000000000000000e+00
