5.802198227121573709e-02
-3.160934509655810576e-02
2.453480135927726125e-01
1.808149665501641579e-01
2.011780626599647404e-01
3.090429255239009354e+00
1.183601781319232049e-01
1.366124982685842405e-02
-9.940542701262944369e-01
-2.865165518164922887e+01
-1.471386926974762810e+00
-1.009159452668712524e-04
-4.921706466322850190e-06
-1.208452235594135171e-01
-1.096963709644846463e-02
8.685280159552248858e-01
2.270046857511962436e-03
2.042851155865984224e-03
2.463907639197211643e-03
7.884887575017766187e-03
2.472310479135393646e-02
2.059025456021613132e-01
