8.541797883844387540e-02
2.089188583769124863e-01
5.893008656783357280e-01
1.058367843381679219e+00
-1.670375801698910756e+00
4.196886319323364312e+00
3.856101732394185411e-01
2.847729256271127052e-01
-3.935842939489588410e+00
-3.909083510147728902e+01
-8.271624385901695575e+00
0.000000000000000000e+00
0.000000000000000000e+00
0.000000000000000000e+00
0.000000000000000000e+00
1.000000000000000000e+00
1.000000000000000000e+00
1.000000000000000000e+00
1.000000000000000000e+00
1.000000000000000000e+00
1.000000000000000000e+00
1.000000000000000000e+00
