2.514155573661713272e-01
2.858043176881740477e-01
4.445686828168260440e-01
3.733973153805483225e-01
-8.734142604741550464e-01
6.272335242881981188e+00
2.747950741625973525e-01
1.351706681145208866e-01
-8.306582995616000886e-01
-2.975777890299907114e+01
-2.526428270015300903e+00
0.000000000000000000e+00
0.000000000000000000e+00
0.000000000000000000e+00
0.000000000000000000e+00
1.000000000000000000e+00
1.000000000000000000e+00
1.000000000000000000e+00
1.000000000000000000e+00
1.000000000000000000e+00
1.000000000000000000e+00
1.000000000000000000e+00
