5.802198227121574403e-02
-3.160934509655810576e-02
2.453480135927724459e-01
1.808149665501637415e-01
2.011780626599654898e-01
3.090429255239012907e+00
1.183601781319233853e-01
1.366124982685839456e-02
-9.940542701262962133e-01
-2.865165518164921821e+01
-1.471386926974763920e+00
-1.009159452668659127e-04
-4.921706466323057713e-06
-1.208452235594135865e-01
-1.096963709644827208e-02
8.685280159552245527e-01
2.270046857511965905e-03
2.042851155865993331e-03
2.463907639197213378e-03
7.884887575017766187e-03
2.472310479135392605e-02
2.059025456021612022e-01
