3.685911629014522739e-01
2.149174245235784264e-01
6.140887382808767336e-01
1.690363130704481964e+00
-5.860899062740854149e-02
2.057113585035855507e+00
2.829914542732748783e-01
2.022871196590311227e-01
-4.483828181931711399e+00
-2.400059981981407375e+01
-3.968513922099671021e+00
0.000000000000000000e+00
0.000000000000000000e+00
0.000000000000000000e+00
0.000000000000000000e+00
1.000000000000000000e+00
1.000000000000000000e+00
1.000000000000000000e+00
1.000000000000000000e+00
1.000000000000000000e+00
1.000000000000000000e+00
1.000000000000000000e+00
