5.802198227121567464e-02
-3.160934509655818903e-02
2.453480135927731676e-01
1.808149665501636860e-01
2.011780626599631583e-01
3.090429255239014239e+00
1.183601781319233159e-01
1.366124982685860793e-02
-9.940542701262955472e-01
-2.865165518164919334e+01
-1.471386926974763254e+00
-1.009159452668674306e-04
-4.921706466323285565e-06
-1.208452235594135310e-01
-1.096963709644866065e-02
8.685280159552248858e-01
2.270046857511965905e-03
2.042851155865987693e-03
2.463907639197213811e-03
7.884887575017766187e-03
2.472310479135395381e-02
2.059025456021610634e-01
