5.802198227121556362e-02
-3.160934509655846658e-02
2.453480135927742778e-01
1.808149665501641024e-01
2.011780626599623811e-01
3.090429255239011130e+00
1.183601781319232188e-01
1.366124982685849344e-02
-9.940542701262945480e-01
-2.865165518164923597e+01
-1.471386926974764364e+00
-1.009159452668761448e-04
-4.921706466323104300e-06
-1.208452235594137808e-01
-1.096963709644792860e-02
8.685280159552245527e-01
2.270046857511963303e-03
2.042851155865988561e-03
2.463907639197210776e-03
7.884887575017764452e-03
2.472310479135397115e-02
2.059025456021610356e-01
