5.695229966021164714e-02
2.478808227191914293e-01
6.110593952899429082e-01
1.619383606782871743e+00
8.514299645405700723e-01
1.400368134822130850e+00
1.337559410487256240e-01
7.380222639133759976e-02
-3.631592494951853212e+00
-3.822191325240830651e+01
-3.099761832662224492e+00
0.000000000000000000e+00
0.000000000000000000e+00
0.000000000000000000e+00
0.000000000000000000e+00
1.000000000000000000e+00
1.000000000000000000e+00
1.000000000000000000e+00
1.000000000000000000e+00
1.000000000000000000e+00
1.000000000000000000e+00
1.000000000000000000e+00
