5.802198227121577873e-02
-3.160934509655812658e-02
2.453480135927721406e-01
1.808149665501640746e-01
2.011780626599652677e-01
3.090429255239009798e+00
1.183601781319232882e-01
1.366124982685839803e-02
-9.940542701262951031e-01
-2.865165518164922531e+01
-1.471386926974762810e+00
-1.009159452668685419e-04
-4.921706466323119547e-06
-1.208452235594134894e-01
-1.096963709644922097e-02
8.685280159552251078e-01
2.270046857511964170e-03
2.042851155865985091e-03
2.463907639197214679e-03
7.884887575017766187e-03
2.472310479135395381e-02
2.059025456021614520e-01
