9.095351332816570267e-02
-1.769407338398260032e-01
1.326287776847646649e-01
1.097056694181575143e+00
9.488503458286476899e-01
1.015576463885818903e+00
3.640879540384704960e-01
4.417723673118945094e-02
7.718242031590225594e-01
-4.952764605938592979e+01
-9.544389829633479039e+00
0.000000000000000000e+00
0.000000000000000000e+00
0.000000000000000000e+00
0.000000000000000000e+00
1.000000000000000000e+00
1.000000000000000000e+00
1.000000000000000000e+00
1.000000000000000000e+00
1.000000000000000000e+00
1.000000000000000000e+00
1.000000000000000000e+00
