4.057183280398301006e-01
-2.529352876164422392e-01
1.076723171733546813e-01
1.503059313176891454e+00
-1.073756186735566054e+00
5.003014132406811143e+00
4.649210337501600288e-01
9.923259988277982613e-02
5.918497311241566194e-01
-1.591081125252037509e+01
-2.125166869696890615e-01
0.000000000000000000e+00
0.000000000000000000e+00
0.000000000000000000e+00
0.000000000000000000e+00
1.000000000000000000e+00
1.000000000000000000e+00
1.000000000000000000e+00
1.000000000000000000e+00
1.000000000000000000e+00
1.000000000000000000e+00
1.000000000000000000e+00
