5.336910112765536063e-02
1.843426332786873845e-01
5.349626173910871918e-01
7.383741534999301859e-01
-3.495414250942601164e-01
5.878474760251806153e+00
3.580368941459980414e-01
8.666701938719995058e-02
-4.599546239178375906e+00
-2.496605636615329971e+01
-5.678528048166493036e+00
0.000000000000000000e+00
0.000000000000000000e+00
0.000000000000000000e+00
0.000000000000000000e+00
1.000000000000000000e+00
1.000000000000000000e+00
1.000000000000000000e+00
1.000000000000000000e+00
1.000000000000000000e+00
1.000000000000000000e+00
1.000000000000000000e+00
