5.802198227121568158e-02
-3.160934509655800861e-02
2.453480135927730288e-01
1.808149665501638526e-01
2.011780626599643518e-01
3.090429255239012019e+00
1.183601781319232882e-01
1.366124982685853508e-02
-9.940542701262952141e-01
-2.865165518164922176e+01
-1.471386926974763254e+00
-1.009159452668669969e-04
-4.921706466322946752e-06
-1.208452235594134894e-01
-1.096963709644894168e-02
8.685280159552248858e-01
2.270046857511964170e-03
2.042851155865990729e-03
2.463907639197214245e-03
7.884887575017766187e-03
2.472310479135395728e-02
2.059025456021611467e-01
