5.895055018333361652e-02
2.600826486634846280e-01
6.131067051587832939e-01
1.995341072572490493e+00
-1.169354340057742192e+00
4.758394038946956783e+00
1.560736528591077921e-02
3.903434305981708929e-01
-2.786111668267401420e+00
-4.978801954310691258e+01
-3.441466239574162422e+00
0.000000000000000000e+00
0.000000000000000000e+00
0.000000000000000000e+00
0.000000000000000000e+00
1.000000000000000000e+00
1.000000000000000000e+00
1.000000000000000000e+00
1.000000000000000000e+00
1.000000000000000000e+00
1.000000000000000000e+00
1.000000000000000000e+00
