5.802198227121577873e-02
-3.160934509655803637e-02
2.453480135927722239e-01
1.808149665501640746e-01
2.011780626599656563e-01
3.090429255239009354e+00
1.183601781319233437e-01
1.366124982685848997e-02
-9.940542701262956582e-01
-2.865165518164920755e+01
-1.471386926974763032e+00
-1.009159452668650860e-04
-4.921706466323059407e-06
-1.208452235594132673e-01
-1.096963709644933026e-02
8.685280159552253298e-01
2.270046857511965905e-03
2.042851155865992897e-03
2.463907639197214245e-03
7.884887575017766187e-03
2.472310479135394687e-02
2.059025456021613132e-01
