5.449565614914031464e-02
-2.766763962187849257e-01
8.507126968859811678e-01
8.906093401574546320e-01
-1.729261427446051602e+00
8.027631343768501182e+00
4.328734906806901428e-01
8.785487434420802266e-02
-1.264187818581600453e+00
-6.954672669336950719e+00
-6.408461139633732984e+00
0.000000000000000000e+00
0.000000000000000000e+00
0.000000000000000000e+00
0.000000000000000000e+00
1.000000000000000000e+00
1.000000000000000000e+00
1.000000000000000000e+00
1.000000000000000000e+00
1.000000000000000000e+00
1.000000000000000000e+00
1.000000000000000000e+00
