7.652709938307344917e-02
-3.423143389905927148e-01
9.854911141831526056e-01
1.808995461610587441e+00
-1.255686949331836111e+00
2.677095144131617310e+00
1.670255787441895512e-01
3.222959354662622844e-01
-3.491556555452562272e+00
-1.823968063060253897e+01
-4.202022211586706746e+00
0.000000000000000000e+00
0.000000000000000000e+00
0.000000000000000000e+00
0.000000000000000000e+00
1.000000000000000000e+00
1.000000000000000000e+00
1.000000000000000000e+00
1.000000000000000000e+00
1.000000000000000000e+00
1.000000000000000000e+00
1.000000000000000000e+00
