1.693342430641815444e-01
-4.185025809760773985e-01
3.061458297706265430e-01
1.402567922036527026e+00
-1.182961716188762669e+00
3.726253730742751458e+00
1.629255662066645405e-01
2.649252330466650429e-01
1.803964691889277105e-01
-9.166667811351317141e+00
-7.896802937621076879e+00
0.000000000000000000e+00
0.000000000000000000e+00
0.000000000000000000e+00
0.000000000000000000e+00
1.000000000000000000e+00
1.000000000000000000e+00
1.000000000000000000e+00
1.000000000000000000e+00
1.000000000000000000e+00
1.000000000000000000e+00
1.000000000000000000e+00
