5.802198227121563995e-02
-3.160934509655804331e-02
2.453480135927735284e-01
1.808149665501645742e-01
2.011780626599637134e-01
3.090429255239005357e+00
1.183601781319232465e-01
1.366124982685908151e-02
-9.940542701262951031e-01
-2.865165518164926439e+01
-1.471386926974764808e+00
-1.009159452668628905e-04
-4.921706466322458014e-06
-1.208452235594132812e-01
-1.096963709644947077e-02
8.685280159552251078e-01
2.270046857511965471e-03
2.042851155866001137e-03
2.463907639197213811e-03
7.884887575017762718e-03
2.472310479135396422e-02
2.059025456021613409e-01
