5.802198227121568852e-02
-3.160934509655816821e-02
2.453480135927730565e-01
1.808149665501642411e-01
2.011780626599642408e-01
3.090429255239008466e+00
1.183601781319232049e-01
1.366124982685871202e-02
-9.940542701262944369e-01
-2.865165518164925018e+01
-1.471386926974764142e+00
-1.009159452668676203e-04
-4.921706466323288106e-06
-1.208452235594134894e-01
-1.096963709644952455e-02
8.685280159552251078e-01
2.270046857511963303e-03
2.042851155865986392e-03
2.463907639197213378e-03
7.884887575017766187e-03
2.472310479135395034e-02
2.059025456021613132e-01
