4.068938763951279736e-02
-1.160416094355795069e-01
3.530276779227952133e-01
3.204900727892114887e-01
-8.542644692182173038e-01
7.860004103542214793e+00
2.471354264262881628e-01
2.352424715051901205e-01
5.813567157890151549e-01
-1.294211059538250908e+01
-4.049664836217678143e+00
0.000000000000000000e+00
0.000000000000000000e+00
0.000000000000000000e+00
0.000000000000000000e+00
1.000000000000000000e+00
1.000000000000000000e+00
1.000000000000000000e+00
1.000000000000000000e+00
1.000000000000000000e+00
1.000000000000000000e+00
1.000000000000000000e+00
