5.802198227121561219e-02
-3.160934509655852903e-02
2.453480135927738059e-01
1.808149665501643244e-01
2.011780626599624922e-01
3.090429255239008466e+00
1.183601781319231910e-01
1.366124982685863222e-02
-9.940542701262943259e-01
-2.865165518164924663e+01
-1.471386926974764364e+00
-1.009159452668730278e-04
-4.921706466323414314e-06
-1.208452235594137392e-01
-1.096963709644853749e-02
8.685280159552245527e-01
2.270046857511963303e-03
2.042851155865991596e-03
2.463907639197213378e-03
7.884887575017764452e-03
2.472310479135396075e-02
2.059025456021612022e-01
