1.559291647305369177e-01
1.455809192147109465e-01
1.246450428227037222e-01
6.947483978888109313e-01
1.817421210789496477e+00
9.899356372336473697e+00
1.504669097802767141e-01
7.296438399750915238e-04
-2.512549403032002804e+00
-1.284946238226646642e+01
-6.616602403449558523e-01
0.000000000000000000e+00
0.000000000000000000e+00
0.000000000000000000e+00
0.000000000000000000e+00
1.000000000000000000e+00
1.000000000000000000e+00
1.000000000000000000e+00
1.000000000000000000e+00
1.000000000000000000e+00
1.000000000000000000e+00
1.000000000000000000e+00
