5.802198227121570934e-02
-3.160934509655801555e-02
2.453480135927727512e-01
1.808149665501640746e-01
2.011780626599641575e-01
3.090429255239010242e+00
1.183601781319232465e-01
1.366124982685884733e-02
-9.940542701262949921e-01
-2.865165518164923597e+01
-1.471386926974763920e+00
-1.009159452668674983e-04
-4.921706466323079736e-06
-1.208452235594134894e-01
-1.096963709644801013e-02
8.685280159552248858e-01
2.270046857511965038e-03
2.042851155865992030e-03
2.463907639197213378e-03
7.884887575017764452e-03
2.472310479135393299e-02
2.059025456021613965e-01
