2.716455435126172713e-01
2.289507278990068340e-01
1.688144603978847247e-02
6.606776058275443120e-01
-5.251127004617086591e-01
4.830366574949007674e-01
5.226509408623541963e-02
4.871875780818268886e-02
-3.527580112918673905e+00
-6.325532277059451758e+00
-9.483883606972510094e+00
0.000000000000000000e+00
0.000000000000000000e+00
0.000000000000000000e+00
0.000000000000000000e+00
1.000000000000000000e+00
1.000000000000000000e+00
1.000000000000000000e+00
1.000000000000000000e+00
1.000000000000000000e+00
1.000000000000000000e+00
1.000000000000000000e+00
