5.802198227121578566e-02
-3.160934509655805025e-02
2.453480135927720851e-01
1.808149665501637415e-01
2.011780626599655175e-01
3.090429255239012907e+00
1.183601781319233298e-01
1.366124982685829048e-02
-9.940542701262954361e-01
-2.865165518164920044e+01
-1.471386926974762810e+00
-1.009159452668685825e-04
-4.921706466323459207e-06
-1.208452235594134894e-01
-1.096963709644929383e-02
8.685280159552247747e-01
2.270046857511964170e-03
2.042851155865987693e-03
2.463907639197212944e-03
7.884887575017762718e-03
2.472310479135391911e-02
2.059025456021612299e-01
