4.196805237202019812e-01
3.212949650754297615e-01
6.422071647956231200e-01
1.334445236641283561e+00
-1.843440377617259873e+00
6.567238839894495861e-01
1.382503200217494177e-01
1.581802517610200742e-01
-3.838445527617555086e+00
-4.014535589706286345e+01
-1.507957079538439160e+00
0.000000000000000000e+00
0.000000000000000000e+00
0.000000000000000000e+00
0.000000000000000000e+00
1.000000000000000000e+00
1.000000000000000000e+00
1.000000000000000000e+00
1.000000000000000000e+00
1.000000000000000000e+00
1.000000000000000000e+00
1.000000000000000000e+00
