5.802198227121569546e-02
-3.160934509655784902e-02
2.453480135927728900e-01
1.808149665501636028e-01
2.011780626599654898e-01
3.090429255239013795e+00
1.183601781319232882e-01
1.366124982685872243e-02
-9.940542701262953251e-01
-2.865165518164919689e+01
-1.471386926974762588e+00
-1.009159452668642999e-04
-4.921706466322717206e-06
-1.208452235594133506e-01
-1.096963709644984547e-02
8.685280159552248858e-01
2.270046857511965905e-03
2.042851155865991163e-03
2.463907639197213811e-03
7.884887575017766187e-03
2.472310479135395728e-02
2.059025456021612299e-01
