4.144581149404000797e-01
-1.965087715494956422e-01
8.748186728192487438e-01
1.488187728023168344e+00
3.396635127239906460e-01
6.398355939910763901e+00
4.118002646399736566e-01
3.915155996637951774e-01
-4.654586172449166170e+00
-3.778770060190397828e+01
-6.969205185163184879e+00
0.000000000000000000e+00
0.000000000000000000e+00
0.000000000000000000e+00
0.000000000000000000e+00
1.000000000000000000e+00
1.000000000000000000e+00
1.000000000000000000e+00
1.000000000000000000e+00
1.000000000000000000e+00
1.000000000000000000e+00
1.000000000000000000e+00
