5.802198227121565383e-02
-3.160934509655805025e-02
2.453480135927733896e-01
1.808149665501636305e-01
2.011780626599654342e-01
3.090429255239013795e+00
1.183601781319232882e-01
1.366124982685868253e-02
-9.940542701262953251e-01
-2.865165518164920044e+01
-1.471386926974763032e+00
-1.009159452668645032e-04
-4.921706466322447849e-06
-1.208452235594133645e-01
-1.096963709644955404e-02
8.685280159552248858e-01
2.270046857511966339e-03
2.042851155865992030e-03
2.463907639197214245e-03
7.884887575017767922e-03
2.472310479135397462e-02
2.059025456021611467e-01
