3.057302558250000746e-01
-8.573595447699977612e-03
6.992835961458794269e-01
3.891384964120012668e-01
1.099814656036302907e+00
7.078934411808120331e+00
1.825400068849429847e-01
4.860487250154105765e-01
-4.442189740266157649e+00
-2.931148724241195325e+01
-9.389362483723157737e+00
0.000000000000000000e+00
0.000000000000000000e+00
0.000000000000000000e+00
0.000000000000000000e+00
1.000000000000000000e+00
1.000000000000000000e+00
1.000000000000000000e+00
1.000000000000000000e+00
1.000000000000000000e+00
1.000000000000000000e+00
1.000000000000000000e+00
