5.802198227121567464e-02
-3.160934509655827923e-02
2.453480135927731676e-01
1.808149665501639913e-01
2.011780626599640187e-01
3.090429255239011130e+00
1.183601781319233298e-01
1.366124982685848650e-02
-9.940542701262956582e-01
-2.865165518164921821e+01
-1.471386926974763920e+00
-1.009159452668697887e-04
-4.921706466323104300e-06
-1.208452235594136281e-01
-1.096963709644777941e-02
8.685280159552244417e-01
2.270046857511965905e-03
2.042851155865987693e-03
2.463907639197212944e-03
7.884887575017762718e-03
2.472310479135394340e-02
2.059025456021612022e-01
