1.430269108302578140e-01
4.581055665190000292e-01
7.703129322188779771e-01
1.973740006184925733e+00
-1.167338152381115268e+00
1.369170488438281597e+00
4.541869011449500837e-01
3.431925898856014179e-02
-4.548003665962056630e+00
-2.282326552563436195e+01
-9.106002834819319602e+00
0.000000000000000000e+00
0.000000000000000000e+00
0.000000000000000000e+00
0.000000000000000000e+00
1.000000000000000000e+00
1.000000000000000000e+00
1.000000000000000000e+00
1.000000000000000000e+00
1.000000000000000000e+00
1.000000000000000000e+00
1.000000000000000000e+00
