5.802198227121576485e-02
-3.160934509655809188e-02
2.453480135927723349e-01
1.808149665501642134e-01
2.011780626599647404e-01
3.090429255239008466e+00
1.183601781319232882e-01
1.366124982685860273e-02
-9.940542701262953251e-01
-2.865165518164920044e+01
-1.471386926974762588e+00
-1.009159452668659262e-04
-4.921706466322428368e-06
-1.208452235594134200e-01
-1.096963709644922270e-02
8.685280159552253298e-01
2.270046857511965038e-03
2.042851155865996800e-03
2.463907639197213811e-03
7.884887575017766187e-03
2.472310479135395034e-02
2.059025456021612577e-01
