2.541473828906436472e-01
-2.079521402501385285e-01
5.385341974025434908e-01
3.806716102823979320e-01
1.457100733114401692e+00
9.379414734620540983e+00
3.309334443656817837e-01
3.610136391418667934e-01
6.805929372601227101e-01
-4.840300941075501129e+01
-1.019619829785293419e+00
0.000000000000000000e+00
0.000000000000000000e+00
0.000000000000000000e+00
0.000000000000000000e+00
1.000000000000000000e+00
1.000000000000000000e+00
1.000000000000000000e+00
1.000000000000000000e+00
1.000000000000000000e+00
1.000000000000000000e+00
1.000000000000000000e+00
