4.674830362896126301e-02
1.157291660130939093e-01
9.327002430710469305e-01
5.786532524968277524e-01
1.665489777637652047e-01
7.733118216618002805e+00
9.121073621503678064e-02
3.649475678087910069e-02
-6.589424124458647114e-01
-1.807255960746177337e+01
-6.918562360834155101e-01
0.000000000000000000e+00
0.000000000000000000e+00
0.000000000000000000e+00
0.000000000000000000e+00
1.000000000000000000e+00
1.000000000000000000e+00
1.000000000000000000e+00
1.000000000000000000e+00
1.000000000000000000e+00
1.000000000000000000e+00
1.000000000000000000e+00
