5.802198227121575097e-02
-3.160934509655816127e-02
2.453480135927724182e-01
1.808149665501636028e-01
2.011780626599642130e-01
3.090429255239014683e+00
1.183601781319232882e-01
1.366124982685835119e-02
-9.940542701262952141e-01
-2.865165518164917557e+01
-1.471386926974761922e+00
-1.009159452668677694e-04
-4.921706466323447348e-06
-1.208452235594135726e-01
-1.096963709644794248e-02
8.685280159552245527e-01
2.270046857511964604e-03
2.042851155865992030e-03
2.463907639197212944e-03
7.884887575017766187e-03
2.472310479135393646e-02
2.059025456021612022e-01
