5.802198227121570240e-02
-3.160934509655816821e-02
2.453480135927728900e-01
1.808149665501634917e-01
2.011780626599642130e-01
3.090429255239015571e+00
1.183601781319233576e-01
1.366124982685839630e-02
-9.940542701262957692e-01
-2.865165518164917202e+01
-1.471386926974762366e+00
-1.009159452668687452e-04
-4.921706466323427020e-06
-1.208452235594136281e-01
-1.096963709644909260e-02
8.685280159552245527e-01
2.270046857511965038e-03
2.042851155865991596e-03
2.463907639197212510e-03
7.884887575017766187e-03
2.472310479135393646e-02
2.059025456021610634e-01
