5.802198227121574403e-02
-3.160934509655798086e-02
2.453480135927725292e-01
1.808149665501633530e-01
2.011780626599664334e-01
3.090429255239016015e+00
1.183601781319233853e-01
1.366124982685846742e-02
-9.940542701262961023e-01
-2.865165518164916847e+01
-1.471386926974762366e+00
-1.009159452668680269e-04
-4.921706466322912023e-06
-1.208452235594133228e-01
-1.096963709644763890e-02
8.685280159552251078e-01
2.270046857511966339e-03
2.042851155865993765e-03
2.463907639197214679e-03
7.884887575017766187e-03
2.472310479135393299e-02
2.059025456021611189e-01
