5.802198227121571628e-02
-3.160934509655848046e-02
2.453480135927728623e-01
1.808149665501637970e-01
2.011780626599642685e-01
3.090429255239012907e+00
1.183601781319233021e-01
1.366124982685829221e-02
-9.940542701262952141e-01
-2.865165518164920400e+01
-1.471386926974763032e+00
-1.009159452668727296e-04
-4.921706466323402456e-06
-1.208452235594136837e-01
-1.096963709644810207e-02
8.685280159552244417e-01
2.270046857511964170e-03
2.042851155865991596e-03
2.463907639197212510e-03
7.884887575017766187e-03
2.472310479135395034e-02
2.059025456021613132e-01
