5.802198227121586199e-02
-3.160934509655801555e-02
2.453480135927713635e-01
1.808149665501642134e-01
2.011780626599654620e-01
3.090429255239008022e+00
1.183601781319233298e-01
1.366124982685834426e-02
-9.940542701262954361e-01
-2.865165518164921465e+01
-1.471386926974762588e+00
-1.009159452668648014e-04
-4.921706466322828167e-06
-1.208452235594132396e-01
-1.096963709644956271e-02
8.685280159552253298e-01
2.270046857511963303e-03
2.042851155866000270e-03
2.463907639197213811e-03
7.884887575017766187e-03
2.472310479135393299e-02
2.059025456021613409e-01
