5.802198227121573709e-02
-3.160934509655816127e-02
2.453480135927724737e-01
1.808149665501639913e-01
2.011780626599647126e-01
3.090429255239010686e+00
1.183601781319233159e-01
1.366124982685827313e-02
-9.940542701262953251e-01
-2.865165518164921821e+01
-1.471386926974763254e+00
-1.009159452668696667e-04
-4.921706466323577791e-06
-1.208452235594135726e-01
-1.096963709644871617e-02
8.685280159552245527e-01
2.270046857511964604e-03
2.042851155865992030e-03
2.463907639197212510e-03
7.884887575017764452e-03
2.472310479135393646e-02
2.059025456021612577e-01
