8.831518504692870142e-02
1.137185218812334364e-01
6.492083786383598953e-01
1.861093346609992150e+00
1.938479886416020204e+00
8.162956691027851264e+00
1.770592891732578611e-01
4.509922525754609945e-01
-1.696964860486113835e+00
-6.170730956178701376e+00
-7.579771552751816799e+00
0.000000000000000000e+00
0.000000000000000000e+00
0.000000000000000000e+00
0.000000000000000000e+00
1.000000000000000000e+00
1.000000000000000000e+00
1.000000000000000000e+00
1.000000000000000000e+00
1.000000000000000000e+00
1.000000000000000000e+00
1.000000000000000000e+00
