5.802198227121573709e-02
-3.160934509655830005e-02
2.453480135927726680e-01
1.808149665501641024e-01
2.011780626599637689e-01
3.090429255239009798e+00
1.183601781319232743e-01
1.366124982685845701e-02
-9.940542701262951031e-01
-2.865165518164922887e+01
-1.471386926974763476e+00
-1.009159452668676338e-04
-4.921706466322885765e-06
-1.208452235594134755e-01
-1.096963709644818881e-02
8.685280159552253298e-01
2.270046857511964604e-03
2.042851155865992897e-03
2.463907639197214679e-03
7.884887575017764452e-03
2.472310479135393993e-02
2.059025456021612577e-01
