3.263238611398934230e-01
7.429990507117112397e-02
6.649747721569679859e-01
1.629600089012225972e+00
4.982787703639690591e-03
2.244256540331020844e+00
1.206434969420064895e-01
3.138713915592768466e-01
-1.234255423148020725e+00
-2.412350104136672968e+01
-3.584765068869159244e+00
0.000000000000000000e+00
0.000000000000000000e+00
0.000000000000000000e+00
0.000000000000000000e+00
1.000000000000000000e+00
1.000000000000000000e+00
1.000000000000000000e+00
1.000000000000000000e+00
1.000000000000000000e+00
1.000000000000000000e+00
1.000000000000000000e+00
