0.000000000000000000e+00
-3.861141041326488030e-03
7.940224882130798578e-01
4.980325701752306600e+00
6.281755897461667182e-01
-4.335091119140201954e+01
2.190274366776082449e+00
6.925050959649600157e-01
-2.115201112590180088e+01
-2.211795235341221542e+02
2.071080980359647772e-01
-1.892092104760207375e-05
1.697318702195532082e-05
-1.152040088676722501e-01
-2.439666198488647103e-02
6.877057450913760528e-01
8.805154067442255705e-03
5.764530896583357385e-03
7.833886771541669070e-03
1.875197196640177033e-02
4.727820667582695313e-02
2.681876261662138328e-01
