2.460223041291713653e-01
4.807526354171122174e-01
1.486025931630816643e-01
1.798614961070922114e+00
1.262283185775022520e+00
5.039494361417497181e+00
2.258765467065799726e-01
2.763327610802634449e-01
-3.877350100137223698e+00
-4.781962920027716279e+00
-3.200514599710998276e+00
0.000000000000000000e+00
0.000000000000000000e+00
0.000000000000000000e+00
0.000000000000000000e+00
1.000000000000000000e+00
1.000000000000000000e+00
1.000000000000000000e+00
1.000000000000000000e+00
1.000000000000000000e+00
1.000000000000000000e+00
1.000000000000000000e+00
