1.592950142526018964e-01
-1.865679071383901100e-01
2.174788448790361262e-01
1.912125939658322782e+00
-1.165468328383528096e+00
3.417238297615141640e+00
4.836239747972412295e-01
3.735551976831588128e-01
-2.298694662785876197e+00
-1.900195183442959390e+01
-8.179865839523309035e+00
0.000000000000000000e+00
0.000000000000000000e+00
0.000000000000000000e+00
0.000000000000000000e+00
1.000000000000000000e+00
1.000000000000000000e+00
1.000000000000000000e+00
1.000000000000000000e+00
1.000000000000000000e+00
1.000000000000000000e+00
1.000000000000000000e+00
