5.802198227121573015e-02
-3.160934509655814045e-02
2.453480135927725847e-01
1.808149665501639081e-01
2.011780626599648514e-01
3.090429255239011574e+00
1.183601781319232882e-01
1.366124982685849344e-02
-9.940542701262952141e-01
-2.865165518164921465e+01
-1.471386926974763254e+00
-1.009159452668651131e-04
-4.921706466323509182e-06
-1.208452235594136281e-01
-1.096963709644955924e-02
8.685280159552245527e-01
2.270046857511964604e-03
2.042851155865988994e-03
2.463907639197214245e-03
7.884887575017767922e-03
2.472310479135392952e-02
2.059025456021613409e-01
