5.802198227121575097e-02
-3.160934509655818209e-02
2.453480135927724459e-01
1.808149665501638248e-01
2.011780626599642408e-01
3.090429255239012463e+00
1.183601781319233298e-01
1.366124982685842752e-02
-9.940542701262955472e-01
-2.865165518164921110e+01
-1.471386926974763032e+00
-1.009159452668692059e-04
-4.921706466323447348e-06
-1.208452235594135865e-01
-1.096963709644912383e-02
8.685280159552251078e-01
2.270046857511964604e-03
2.042851155865986826e-03
2.463907639197210776e-03
7.884887575017766187e-03
2.472310479135393993e-02
2.059025456021612299e-01
