4.984898343554927669e-01
1.167190826145484417e-01
9.306538652742557538e-01
5.802321110609491850e-01
-1.405844038574835420e+00
7.302355808397442694e+00
1.686990765652012780e-01
1.062738302433385851e-01
7.296825861799316471e-02
-1.326266427650872259e+01
-3.531650749224778174e+00
0.000000000000000000e+00
0.000000000000000000e+00
0.000000000000000000e+00
0.000000000000000000e+00
1.000000000000000000e+00
1.000000000000000000e+00
1.000000000000000000e+00
1.000000000000000000e+00
1.000000000000000000e+00
1.000000000000000000e+00
1.000000000000000000e+00
