5.802198227121573709e-02
-3.160934509655829311e-02
2.453480135927725847e-01
1.808149665501638526e-01
2.011780626599646848e-01
3.090429255239012019e+00
1.183601781319233159e-01
1.366124982685851079e-02
-9.940542701262954361e-01
-2.865165518164922887e+01
-1.471386926974763698e+00
-1.009159452668672408e-04
-4.921706466323881029e-06
-1.208452235594136004e-01
-1.096963709644831718e-02
8.685280159552247747e-01
2.270046857511964604e-03
2.042851155865991163e-03
2.463907639197212510e-03
7.884887575017766187e-03
2.472310479135392952e-02
2.059025456021612577e-01
