3.181406060777040024e-01
3.250423411475640290e-01
3.416447344262499852e-01
1.479278512378201071e+00
-1.233724546275585254e-01
5.427906335375263680e+00
2.728332835392880407e-01
6.580062460372804178e-02
-4.080734277086127904e+00
-3.716765440851656166e+01
-5.618690088874124910e+00
0.000000000000000000e+00
0.000000000000000000e+00
0.000000000000000000e+00
0.000000000000000000e+00
1.000000000000000000e+00
1.000000000000000000e+00
1.000000000000000000e+00
1.000000000000000000e+00
1.000000000000000000e+00
1.000000000000000000e+00
1.000000000000000000e+00
