4.619244769918863236e-01
1.448747781644943444e-04
3.395213578201090598e-01
1.359019550381895147e+00
1.392470478610544848e+00
8.590273690155274977e+00
3.963833982138304513e-01
2.890501864737076154e-01
2.508772551140472373e-01
-7.389791706594259324e+00
-8.932532038294977994e+00
0.000000000000000000e+00
0.000000000000000000e+00
0.000000000000000000e+00
0.000000000000000000e+00
1.000000000000000000e+00
1.000000000000000000e+00
1.000000000000000000e+00
1.000000000000000000e+00
1.000000000000000000e+00
1.000000000000000000e+00
1.000000000000000000e+00
