5.802198227121566076e-02
-3.160934509655810576e-02
2.453480135927733063e-01
1.808149665501639081e-01
2.011780626599648236e-01
3.090429255239011130e+00
1.183601781319232743e-01
1.366124982685871722e-02
-9.940542701262952141e-01
-2.865165518164921110e+01
-1.471386926974763476e+00
-1.009159452668673628e-04
-4.921706466323435490e-06
-1.208452235594134477e-01
-1.096963709644886882e-02
8.685280159552251078e-01
2.270046857511964170e-03
2.042851155865990729e-03
2.463907639197214245e-03
7.884887575017766187e-03
2.472310479135396422e-02
2.059025456021612022e-01
