4.406537754883310676e-01
4.797036033179158387e-01
8.645824844792455721e-01
1.676144375670372666e+00
1.639161431072928110e+00
8.609819860487256449e+00
2.353761902139751006e-01
2.206172198888179392e-01
-1.399065538111510687e+00
-4.650975194544122360e+01
-5.816174417809458319e+00
0.000000000000000000e+00
0.000000000000000000e+00
0.000000000000000000e+00
0.000000000000000000e+00
1.000000000000000000e+00
1.000000000000000000e+00
1.000000000000000000e+00
1.000000000000000000e+00
1.000000000000000000e+00
1.000000000000000000e+00
1.000000000000000000e+00
