5.802198227121580648e-02
-3.160934509655842495e-02
2.453480135927720018e-01
1.808149665501634640e-01
2.011780626599663224e-01
3.090429255239015127e+00
1.183601781319233298e-01
1.366124982685797649e-02
-9.940542701262953251e-01
-2.865165518164917913e+01
-1.471386926974761700e+00
-1.009159452668686232e-04
-4.921706466322701112e-06
-1.208452235594135032e-01
-1.096963709644865545e-02
8.685280159552247747e-01
2.270046857511962436e-03
2.042851155865995066e-03
2.463907639197212944e-03
7.884887575017766187e-03
2.472310479135391911e-02
2.059025456021612022e-01
