1.875843166443894594e-01
-1.512925923539737427e-01
9.286434762699578016e-01
5.827564624625969358e-02
-1.990033972567051279e+00
7.839125962574175155e+00
2.088032323482080788e-02
2.389969755195225920e-01
-2.829657863202955426e+00
-3.573902938928696926e-01
-7.908570113068336127e+00
0.000000000000000000e+00
0.000000000000000000e+00
0.000000000000000000e+00
0.000000000000000000e+00
1.000000000000000000e+00
1.000000000000000000e+00
1.000000000000000000e+00
1.000000000000000000e+00
1.000000000000000000e+00
1.000000000000000000e+00
1.000000000000000000e+00
