1.236525102870265624e-01
-3.320100254946231066e-01
4.620860690374921642e-01
2.677958268170974598e-01
-6.328015452749826686e-01
4.191947051659115964e+00
3.214067182466477934e-01
4.646369449951985864e-01
-2.188337117372794793e+00
-3.799589310940866937e+00
-8.950763381404234664e+00
0.000000000000000000e+00
0.000000000000000000e+00
0.000000000000000000e+00
0.000000000000000000e+00
1.000000000000000000e+00
1.000000000000000000e+00
1.000000000000000000e+00
1.000000000000000000e+00
1.000000000000000000e+00
1.000000000000000000e+00
1.000000000000000000e+00
