3.068946561516130989e-01
2.878916779905857926e-01
6.730155786903577741e-01
1.254494224912259259e+00
-1.251690667170222149e+00
9.604419979454743128e+00
1.662223409023955711e-01
1.324958663795458014e-01
-1.684572517843294648e-01
-1.009855201153966675e+01
-7.554053726433438420e+00
0.000000000000000000e+00
0.000000000000000000e+00
0.000000000000000000e+00
0.000000000000000000e+00
1.000000000000000000e+00
1.000000000000000000e+00
1.000000000000000000e+00
1.000000000000000000e+00
1.000000000000000000e+00
1.000000000000000000e+00
1.000000000000000000e+00
