5.802198227121579954e-02
-3.160934509655817515e-02
2.453480135927719741e-01
1.808149665501640746e-01
2.011780626599652122e-01
3.090429255239009354e+00
1.183601781319232882e-01
1.366124982685841018e-02
-9.940542701262952141e-01
-2.865165518164921821e+01
-1.471386926974763032e+00
-1.009159452668642051e-04
-4.921706466323166980e-06
-1.208452235594134894e-01
-1.096963709644927475e-02
8.685280159552245527e-01
2.270046857511964170e-03
2.042851155865995066e-03
2.463907639197215112e-03
7.884887575017764452e-03
2.472310479135391911e-02
2.059025456021613965e-01
