4.524015275949949677e-01
-6.119644539864688149e-02
9.962471942514634637e-01
1.275219036545431894e-01
1.898916798416423468e-01
8.071557359746819316e+00
4.817989761481234479e-01
1.779990976132411751e-02
-3.359333848718184967e+00
-2.061275284755704718e+01
-2.625500175252115653e+00
0.000000000000000000e+00
0.000000000000000000e+00
0.000000000000000000e+00
0.000000000000000000e+00
1.000000000000000000e+00
1.000000000000000000e+00
1.000000000000000000e+00
1.000000000000000000e+00
1.000000000000000000e+00
1.000000000000000000e+00
1.000000000000000000e+00
