1.872700594236812455e-01
4.507143064099161656e-01
7.319939418114050911e-01
1.197316968394073200e+00
-1.375925438230253928e+00
1.559945203362026467e+00
2.904180608409973052e-02
4.330880728874675900e-01
-1.393309929540746950e+00
-1.459637111019772249e+01
-9.794155057041976420e+00
0.000000000000000000e+00
0.000000000000000000e+00
0.000000000000000000e+00
0.000000000000000000e+00
1.000000000000000000e+00
1.000000000000000000e+00
1.000000000000000000e+00
1.000000000000000000e+00
1.000000000000000000e+00
1.000000000000000000e+00
1.000000000000000000e+00
