5.802198227121572321e-02
-3.160934509655818209e-02
2.453480135927726957e-01
1.808149665501638526e-01
2.011780626599646293e-01
3.090429255239012019e+00
1.183601781319232604e-01
1.366124982685847263e-02
-9.940542701262949921e-01
-2.865165518164920044e+01
-1.471386926974763032e+00
-1.009159452668692195e-04
-4.921706466323072960e-06
-1.208452235594136004e-01
-1.096963709644907525e-02
8.685280159552251078e-01
2.270046857511964170e-03
2.042851155865990729e-03
2.463907639197212510e-03
7.884887575017766187e-03
2.472310479135393993e-02
2.059025456021612299e-01
