5.802198227121563301e-02
-3.160934509655820290e-02
2.453480135927735839e-01
1.808149665501640746e-01
2.011780626599638522e-01
3.090429255239010242e+00
1.183601781319233576e-01
1.366124982685875885e-02
-9.940542701262959913e-01
-2.865165518164921821e+01
-1.471386926974764142e+00
-1.009159452668676203e-04
-4.921706466323532899e-06
-1.208452235594134477e-01
-1.096963709644893994e-02
8.685280159552248858e-01
2.270046857511966772e-03
2.042851155865996800e-03
2.463907639197213378e-03
7.884887575017766187e-03
2.472310479135396422e-02
2.059025456021611744e-01
