5.802198227121575097e-02
-3.160934509655829311e-02
2.453480135927724182e-01
1.808149665501635750e-01
2.011780626599654342e-01
3.090429255239014239e+00
1.183601781319233576e-01
1.366124982685814823e-02
-9.940542701262957692e-01
-2.865165518164919334e+01
-1.471386926974762810e+00
-1.009159452668683386e-04
-4.921706466323217802e-06
-1.208452235594136004e-01
-1.096963709644781758e-02
8.685280159552245527e-01
2.270046857511964170e-03
2.042851155865993331e-03
2.463907639197213378e-03
7.884887575017766187e-03
2.472310479135392605e-02
2.059025456021612299e-01
