8.588937858262241098e-02
-1.938594220717054784e-01
8.582044186730142243e-03
1.503785522701345689e+00
9.771867710207668978e-01
2.492036062569812138e+00
2.059342532253647939e-01
8.290186546475902807e-02
-3.911589139924729785e+00
-3.830370150436709764e+01
-7.627159822622664009e+00
0.000000000000000000e+00
0.000000000000000000e+00
0.000000000000000000e+00
0.000000000000000000e+00
1.000000000000000000e+00
1.000000000000000000e+00
1.000000000000000000e+00
1.000000000000000000e+00
1.000000000000000000e+00
1.000000000000000000e+00
1.000000000000000000e+00
