5.802943115254216577e-02
1.584553817461533676e-01
3.755889829665438606e-01
1.225565163110683198e+00
7.179622100816671626e-01
6.824631292225898704e+00
4.775049979938021938e-01
3.186114696958540771e-01
-1.922338353520959942e+00
-4.569118355764261707e+01
-6.125315464686575062e+00
0.000000000000000000e+00
0.000000000000000000e+00
0.000000000000000000e+00
0.000000000000000000e+00
1.000000000000000000e+00
1.000000000000000000e+00
1.000000000000000000e+00
1.000000000000000000e+00
1.000000000000000000e+00
1.000000000000000000e+00
1.000000000000000000e+00
