5.802198227121586893e-02
-3.160934509655801555e-02
2.453480135927712247e-01
1.808149665501637970e-01
2.011780626599650179e-01
3.090429255239012463e+00
1.183601781319233992e-01
1.366124982685834426e-02
-9.940542701262962133e-01
-2.865165518164920044e+01
-1.471386926974762588e+00
-1.009159452668676474e-04
-4.921706466322871366e-06
-1.208452235594134339e-01
-1.096963709644839351e-02
8.685280159552251078e-01
2.270046857511964170e-03
2.042851155865985525e-03
2.463907639197213378e-03
7.884887575017764452e-03
2.472310479135391911e-02
2.059025456021613409e-01
