3.764379529222304233e-01
4.180774099420370149e-01
1.749762184206994364e-01
2.033978108711806954e-01
-6.656593311058807139e-01
6.026084052699490989e+00
1.425843080125799300e-02
4.570431015612224090e-01
-3.282463534269666638e+00
-4.806810712085213311e+01
-9.433564332764687421e+00
0.000000000000000000e+00
0.000000000000000000e+00
0.000000000000000000e+00
0.000000000000000000e+00
1.000000000000000000e+00
1.000000000000000000e+00
1.000000000000000000e+00
1.000000000000000000e+00
1.000000000000000000e+00
1.000000000000000000e+00
1.000000000000000000e+00
