5.802198227121586199e-02
-3.160934509655792535e-02
2.453480135927713357e-01
1.808149665501639636e-01
2.011780626599653232e-01
3.090429255239010686e+00
1.183601781319233853e-01
1.366124982685858191e-02
-9.940542701262961023e-01
-2.865165518164919334e+01
-1.471386926974762144e+00
-1.009159452668650589e-04
-4.921706466323028067e-06
-1.208452235594132673e-01
-1.096963709644916025e-02
8.685280159552251078e-01
2.270046857511965905e-03
2.042851155865994632e-03
2.463907639197215546e-03
7.884887575017766187e-03
2.472310479135392952e-02
2.059025456021614242e-01
