1.005017980589869575e-01
-1.709795335078180267e-01
2.964996887010721283e-01
1.866673369615357014e-01
-6.676847500092661924e-01
7.252227406119546416e+00
3.261813719600933914e-01
2.524250475684350903e-01
6.839841136283677514e-01
-1.862992108069563812e+01
-7.713659132961403486e-02
0.000000000000000000e+00
0.000000000000000000e+00
0.000000000000000000e+00
0.000000000000000000e+00
1.000000000000000000e+00
1.000000000000000000e+00
1.000000000000000000e+00
1.000000000000000000e+00
1.000000000000000000e+00
1.000000000000000000e+00
1.000000000000000000e+00
