5.802198227121570934e-02
-3.160934509655810576e-02
2.453480135927728067e-01
1.808149665501637970e-01
2.011780626599648514e-01
3.090429255239012463e+00
1.183601781319232743e-01
1.366124982685848303e-02
-9.940542701262949921e-01
-2.865165518164920755e+01
-1.471386926974762810e+00
-1.009159452668657229e-04
-4.921706466323175451e-06
-1.208452235594135310e-01
-1.096963709644973271e-02
8.685280159552247747e-01
2.270046857511962869e-03
2.042851155865988561e-03
2.463907639197212944e-03
7.884887575017766187e-03
2.472310479135396075e-02
2.059025456021612299e-01
