4.318799927850414666e-01
-2.150940347723732105e-01
7.325638808373602373e-02
1.526474408660569937e+00
-1.891237696023546633e-01
5.422968740087744877e+00
3.633178914137536464e-01
4.244525538074110371e-01
-3.908001331461070649e-01
-1.334281383399913068e+01
-7.580135752961148832e+00
0.000000000000000000e+00
0.000000000000000000e+00
0.000000000000000000e+00
0.000000000000000000e+00
1.000000000000000000e+00
1.000000000000000000e+00
1.000000000000000000e+00
1.000000000000000000e+00
1.000000000000000000e+00
1.000000000000000000e+00
1.000000000000000000e+00
