5.802198227121574403e-02
-3.160934509655822372e-02
2.453480135927724737e-01
1.808149665501641579e-01
2.011780626599644906e-01
3.090429255239009354e+00
1.183601781319232604e-01
1.366124982685852640e-02
-9.940542701262949921e-01
-2.865165518164923597e+01
-1.471386926974763920e+00
-1.009159452668670646e-04
-4.921706466322959457e-06
-1.208452235594135449e-01
-1.096963709644788350e-02
8.685280159552248858e-01
2.270046857511963303e-03
2.042851155865989428e-03
2.463907639197211643e-03
7.884887575017764452e-03
2.472310479135393993e-02
2.059025456021611744e-01
