3.645068711445595411e-01
6.123960232764114053e-02
1.249670920092409432e-01
7.951847374002343205e-01
1.125232825093904321e+00
5.109929816531131763e+00
9.134667920791250673e-02
4.267564376244263880e-01
7.322313558088557883e-01
-7.893265874110539926e-01
-8.072990261726317840e+00
0.000000000000000000e+00
0.000000000000000000e+00
0.000000000000000000e+00
0.000000000000000000e+00
1.000000000000000000e+00
1.000000000000000000e+00
1.000000000000000000e+00
1.000000000000000000e+00
1.000000000000000000e+00
1.000000000000000000e+00
1.000000000000000000e+00
