5.802198227121576485e-02
-3.160934509655831393e-02
2.453480135927723627e-01
1.808149665501639636e-01
2.011780626599665445e-01
3.090429255239010242e+00
1.183601781319233437e-01
1.366124982685819854e-02
-9.940542701262956582e-01
-2.865165518164921465e+01
-1.471386926974763254e+00
-1.009159452668684741e-04
-4.921706466323344857e-06
-1.208452235594134755e-01
-1.096963709644917760e-02
8.685280159552248858e-01
2.270046857511963303e-03
2.042851155865998102e-03
2.463907639197212944e-03
7.884887575017764452e-03
2.472310479135393299e-02
2.059025456021614520e-01
