4.464300757180008072e-01
-1.680201946988227890e-01
8.212291230578318002e-01
8.339325145049980570e-02
-1.569373280256128211e+00
5.950520642062402388e+00
2.649086810964108030e-01
2.094037142783271577e-01
-2.987552904360024630e+00
-1.887402839019549106e+01
-5.618585738911258787e+00
0.000000000000000000e+00
0.000000000000000000e+00
0.000000000000000000e+00
0.000000000000000000e+00
1.000000000000000000e+00
1.000000000000000000e+00
1.000000000000000000e+00
1.000000000000000000e+00
1.000000000000000000e+00
1.000000000000000000e+00
1.000000000000000000e+00
