5.802198227121589669e-02
-3.160934509655794616e-02
2.453480135927709471e-01
1.808149665501636583e-01
2.011780626599671551e-01
3.090429255239012463e+00
1.183601781319233021e-01
1.366124982685824538e-02
-9.940542701262951031e-01
-2.865165518164916847e+01
-1.471386926974760589e+00
-1.009159452668654248e-04
-4.921706466322849343e-06
-1.208452235594133228e-01
-1.096963709644802575e-02
8.685280159552253298e-01
2.270046857511962869e-03
2.042851155865991163e-03
2.463907639197214245e-03
7.884887575017766187e-03
2.472310479135390524e-02
2.059025456021615075e-01
