4.586927419758244362e-01
2.239489763561863800e-02
4.303308197223432163e-02
8.427723775955988650e-01
8.568288848858585105e-01
1.544358864259236519e+00
2.520704050684074993e-02
3.481233225737207504e-01
2.599683780640837938e-01
-4.136915148285142152e+01
-9.764952594379073147e+00
0.000000000000000000e+00
0.000000000000000000e+00
0.000000000000000000e+00
0.000000000000000000e+00
1.000000000000000000e+00
1.000000000000000000e+00
1.000000000000000000e+00
1.000000000000000000e+00
1.000000000000000000e+00
1.000000000000000000e+00
1.000000000000000000e+00
