1.787189056524548514e-01
-2.873950620701307690e-01
3.352000464846679462e-01
1.573330341767765983e+00
1.524036046710649739e+00
8.637095969922889083e+00
2.020399230093942733e-01
3.083273804784970040e-01
-2.823614596485166217e+00
-4.014996997499736864e+01
-7.774747238549794659e+00
0.000000000000000000e+00
0.000000000000000000e+00
0.000000000000000000e+00
0.000000000000000000e+00
1.000000000000000000e+00
1.000000000000000000e+00
1.000000000000000000e+00
1.000000000000000000e+00
1.000000000000000000e+00
1.000000000000000000e+00
1.000000000000000000e+00
