5.802198227121590363e-02
-3.160934509655791147e-02
2.453480135927708916e-01
1.808149665501641579e-01
2.011780626599659616e-01
3.090429255239008466e+00
1.183601781319233159e-01
1.366124982685830609e-02
-9.940542701262954361e-01
-2.865165518164919334e+01
-1.471386926974761478e+00
-1.009159452668670240e-04
-4.921706466322934046e-06
-1.208452235594133228e-01
-1.096963709644947250e-02
8.685280159552251078e-01
2.270046857511963303e-03
2.042851155865995066e-03
2.463907639197211643e-03
7.884887575017766187e-03
2.472310479135390524e-02
2.059025456021614797e-01
