4.205034266452339908e-02
3.515758893284084419e-01
1.725686888395348006e-01
3.492561148482640210e-01
-1.375543980430187219e+00
4.709438963530648614e+00
8.853657704065692746e-02
2.344191552277624657e-01
-6.816770568817975828e-02
-1.935743331686597557e+01
-8.271595481827354490e+00
0.000000000000000000e+00
0.000000000000000000e+00
0.000000000000000000e+00
0.000000000000000000e+00
1.000000000000000000e+00
1.000000000000000000e+00
1.000000000000000000e+00
1.000000000000000000e+00
1.000000000000000000e+00
1.000000000000000000e+00
1.000000000000000000e+00
