5.802198227121579954e-02
-3.160934509655797392e-02
2.453480135927718631e-01
1.808149665501634640e-01
2.011780626599653510e-01
3.090429255239015127e+00
1.183601781319233576e-01
1.366124982685829568e-02
-9.940542701262957692e-01
-2.865165518164917202e+01
-1.471386926974761922e+00
-1.009159452668668071e-04
-4.921706466322925576e-06
-1.208452235594134894e-01
-1.096963709644875953e-02
8.685280159552251078e-01
2.270046857511963737e-03
2.042851155865982923e-03
2.463907639197213378e-03
7.884887575017764452e-03
2.472310479135392605e-02
2.059025456021611467e-01
