3.842477465040156082e-02
-9.786971799403021421e-03
1.868228166821839231e-02
1.703453780160223419e+00
-1.841416435169030752e+00
5.474779055838259190e+00
3.549959720672013486e-02
1.729758318903980574e-01
-1.974451753795222864e+00
-4.074330218935745052e+01
-7.976162337881226527e+00
0.000000000000000000e+00
0.000000000000000000e+00
0.000000000000000000e+00
0.000000000000000000e+00
1.000000000000000000e+00
1.000000000000000000e+00
1.000000000000000000e+00
1.000000000000000000e+00
1.000000000000000000e+00
1.000000000000000000e+00
1.000000000000000000e+00
