5.802198227121572321e-02
-3.160934509655815433e-02
2.453480135927726957e-01
1.808149665501635472e-01
2.011780626599641575e-01
3.090429255239015127e+00
1.183601781319233437e-01
1.366124982685842926e-02
-9.940542701262957692e-01
-2.865165518164917202e+01
-1.471386926974762366e+00
-1.009159452668690975e-04
-4.921706466323578638e-06
-1.208452235594135310e-01
-1.096963709644792340e-02
8.685280159552245527e-01
2.270046857511965471e-03
2.042851155865993765e-03
2.463907639197214245e-03
7.884887575017766187e-03
2.472310479135393299e-02
2.059025456021611744e-01
