5.802198227121586199e-02
-3.160934509655780739e-02
2.453480135927713357e-01
1.808149665501642411e-01
2.011780626599653787e-01
3.090429255239008022e+00
1.183601781319232604e-01
1.366124982685866865e-02
-9.940542701262949921e-01
-2.865165518164920755e+01
-1.471386926974762144e+00
-1.009159452668653435e-04
-4.921706466322206445e-06
-1.208452235594132396e-01
-1.096963709644859473e-02
8.685280159552254409e-01
2.270046857511964170e-03
2.042851155865986826e-03
2.463907639197215546e-03
7.884887575017766187e-03
2.472310479135391911e-02
2.059025456021613687e-01
