5.802198227121586893e-02
-3.160934509655784208e-02
2.453480135927711969e-01
1.808149665501635195e-01
2.011780626599654620e-01
3.090429255239014683e+00
1.183601781319233159e-01
1.366124982685840671e-02
-9.940542701262953251e-01
-2.865165518164916847e+01
-1.471386926974761034e+00
-1.009159452668669427e-04
-4.921706466322336041e-06
-1.208452235594133228e-01
-1.096963709644913597e-02
8.685280159552248858e-01
2.270046857511964604e-03
2.042851155865990729e-03
2.463907639197214679e-03
7.884887575017766187e-03
2.472310479135393299e-02
2.059025456021612022e-01
