2.091495505355686069e-01
4.483730684880224970e-01
2.194612535747826332e-01
9.891583928503262513e-01
-8.684387799387618401e-01
4.854814163778071290e+00
1.641123339386577062e-01
1.623124738570067560e-01
-2.684270178005526031e+00
-1.496338350224959157e+01
-7.100551018123331559e+00
0.000000000000000000e+00
0.000000000000000000e+00
0.000000000000000000e+00
0.000000000000000000e+00
1.000000000000000000e+00
1.000000000000000000e+00
1.000000000000000000e+00
1.000000000000000000e+00
1.000000000000000000e+00
1.000000000000000000e+00
1.000000000000000000e+00
