6.373572759595619308e-02
8.056803940242995843e-02
6.422681594576097330e-01
9.041287355477931609e-01
-1.531294953383324220e+00
8.254849302539797762e+00
3.162111225132088754e-01
3.573584851493616932e-01
-3.553439723550236629e+00
-7.141493189373115058e+00
-1.653680878289357281e+00
0.000000000000000000e+00
0.000000000000000000e+00
0.000000000000000000e+00
0.000000000000000000e+00
1.000000000000000000e+00
1.000000000000000000e+00
1.000000000000000000e+00
1.000000000000000000e+00
1.000000000000000000e+00
1.000000000000000000e+00
1.000000000000000000e+00
