5.802198227121578566e-02
-3.160934509655790453e-02
2.453480135927720573e-01
1.808149665501633252e-01
2.011780626599650179e-01
3.090429255239016904e+00
1.183601781319233437e-01
1.366124982685849691e-02
-9.940542701262956582e-01
-2.865165518164915781e+01
-1.471386926974761478e+00
-1.009159452668692059e-04
-4.921706466322649443e-06
-1.208452235594134755e-01
-1.096963709644818534e-02
8.685280159552247747e-01
2.270046857511965471e-03
2.042851155865992464e-03
2.463907639197213811e-03
7.884887575017766187e-03
2.472310479135392952e-02
2.059025456021610079e-01
