5.802198227121573015e-02
-3.160934509655790453e-02
2.453480135927726402e-01
1.808149665501641301e-01
2.011780626599649069e-01
3.090429255239008910e+00
1.183601781319232604e-01
1.366124982685900172e-02
-9.940542701262951031e-01
-2.865165518164921110e+01
-1.471386926974762588e+00
-1.009159452668634055e-04
-4.921706466322380934e-06
-1.208452235594131702e-01
-1.096963709644952802e-02
8.685280159552256629e-01
2.270046857511966772e-03
2.042851155865998102e-03
2.463907639197214245e-03
7.884887575017766187e-03
2.472310479135394340e-02
2.059025456021612854e-01
