3.064718262705053431e-01
-2.966599736793139597e-01
6.030184154673863262e-01
4.917270811660019447e-01
3.252707581053284613e-01
7.962864197446166692e+00
2.707488686466976158e-01
1.828524749781368364e-01
-1.366600025832251930e-01
-3.489230059305754139e+01
-5.694535099287397983e+00
0.000000000000000000e+00
0.000000000000000000e+00
0.000000000000000000e+00
0.000000000000000000e+00
1.000000000000000000e+00
1.000000000000000000e+00
1.000000000000000000e+00
1.000000000000000000e+00
1.000000000000000000e+00
1.000000000000000000e+00
1.000000000000000000e+00
