1.798093160834178805e-01
4.077266907357369741e-01
4.995925383013166687e-02
1.914691772620669585e+00
-1.451053440777410053e-01
7.394094133311790440e-01
2.575524111212567635e-01
1.999796905954218107e-01
-4.566768652400092776e+00
-2.288973227225428175e+01
-6.973879683884560698e+00
0.000000000000000000e+00
0.000000000000000000e+00
0.000000000000000000e+00
0.000000000000000000e+00
1.000000000000000000e+00
1.000000000000000000e+00
1.000000000000000000e+00
1.000000000000000000e+00
1.000000000000000000e+00
1.000000000000000000e+00
1.000000000000000000e+00
