5.802198227121588281e-02
-3.160934509655794616e-02
2.453480135927711137e-01
1.808149665501635472e-01
2.011780626599664890e-01
3.090429255239014239e+00
1.183601781319233437e-01
1.366124982685824191e-02
-9.940542701262955472e-01
-2.865165518164917557e+01
-1.471386926974761700e+00
-1.009159452668684063e-04
-4.921706466322726523e-06
-1.208452235594133645e-01
-1.096963709644789391e-02
8.685280159552251078e-01
2.270046857511964170e-03
2.042851155865995933e-03
2.463907639197214679e-03
7.884887575017766187e-03
2.472310479135390524e-02
2.059025456021611744e-01
