5.802198227121573709e-02
-3.160934509655811270e-02
2.453480135927725292e-01
1.808149665501636583e-01
2.011780626599656008e-01
3.090429255239013351e+00
1.183601781319233437e-01
1.366124982685835466e-02
-9.940542701262957692e-01
-2.865165518164921110e+01
-1.471386926974763254e+00
-1.009159452668644219e-04
-4.921706466323340622e-06
-1.208452235594134477e-01
-1.096963709644972924e-02
8.685280159552247747e-01
2.270046857511964604e-03
2.042851155865991163e-03
2.463907639197212510e-03
7.884887575017766187e-03
2.472310479135392258e-02
2.059025456021612577e-01
