2.100204958404721101e-01
4.990374163022803788e-02
7.150259648882528740e-02
1.408827401887938091e+00
8.051261459339258408e-01
8.106541406532112859e+00
2.148366347843835844e-01
3.418880977109084451e-02
-2.231998367258623439e+00
-1.543938303700774384e+01
-3.269856422039811861e+00
0.000000000000000000e+00
0.000000000000000000e+00
0.000000000000000000e+00
0.000000000000000000e+00
1.000000000000000000e+00
1.000000000000000000e+00
1.000000000000000000e+00
1.000000000000000000e+00
1.000000000000000000e+00
1.000000000000000000e+00
1.000000000000000000e+00
