5.802198227121570240e-02
-3.160934509655823760e-02
2.453480135927729455e-01
1.808149665501645187e-01
2.011780626599644073e-01
3.090429255239005357e+00
1.183601781319232188e-01
1.366124982685883171e-02
-9.940542701262947700e-01
-2.865165518164928571e+01
-1.471386926974765030e+00
-1.009159452668660211e-04
-4.921706466323330458e-06
-1.208452235594134477e-01
-1.096963709644820963e-02
8.685280159552253298e-01
2.270046857511964604e-03
2.042851155865986392e-03
2.463907639197212944e-03
7.884887575017762718e-03
2.472310479135396769e-02
2.059025456021614797e-01
