1.585952206844346568e-01
-2.447595591663458414e-01
7.878895115189264997e-01
1.273010180458364893e-01
1.628809060345107085e+00
2.774773903813905207e+00
3.090076060965331051e-01
1.638910565561674249e-02
-2.063304235787702279e+00
-4.328109771860822974e+01
-4.167335754709830198e+00
0.000000000000000000e+00
0.000000000000000000e+00
0.000000000000000000e+00
0.000000000000000000e+00
1.000000000000000000e+00
1.000000000000000000e+00
1.000000000000000000e+00
1.000000000000000000e+00
1.000000000000000000e+00
1.000000000000000000e+00
1.000000000000000000e+00
