5.802198227121577873e-02
-3.160934509655798086e-02
2.453480135927721129e-01
1.808149665501633252e-01
2.011780626599666277e-01
3.090429255239016459e+00
1.183601781319232604e-01
1.366124982685825405e-02
-9.940542701262947700e-01
-2.865165518164916492e+01
-1.471386926974761256e+00
-1.009159452668682302e-04
-4.921706466322653678e-06
-1.208452235594134616e-01
-1.096963709644793901e-02
8.685280159552248858e-01
2.270046857511962436e-03
2.042851155865995499e-03
2.463907639197211643e-03
7.884887575017766187e-03
2.472310479135393299e-02
2.059025456021609524e-01
