7.850426755744399632e-02
-8.919190930976605980e-02
9.850723369548366470e-01
7.602970036289826705e-01
-6.420034668611651618e-01
2.198235480510601914e+00
1.465780516804551237e-01
2.090856452464676107e-01
-4.130107618786066581e+00
-4.878797752823659550e+01
-9.907910260057196439e+00
0.000000000000000000e+00
0.000000000000000000e+00
0.000000000000000000e+00
0.000000000000000000e+00
1.000000000000000000e+00
1.000000000000000000e+00
1.000000000000000000e+00
1.000000000000000000e+00
1.000000000000000000e+00
1.000000000000000000e+00
1.000000000000000000e+00
