5.802198227121574403e-02
-3.160934509655800861e-02
2.453480135927724737e-01
1.808149665501637970e-01
2.011780626599653510e-01
3.090429255239012019e+00
1.183601781319233714e-01
1.366124982685843099e-02
-9.940542701262961023e-01
-2.865165518164919689e+01
-1.471386926974763032e+00
-1.009159452668639747e-04
-4.921706466323601508e-06
-1.208452235594134339e-01
-1.096963709644925913e-02
8.685280159552245527e-01
2.270046857511965905e-03
2.042851155865990729e-03
2.463907639197212944e-03
7.884887575017764452e-03
2.472310479135394340e-02
2.059025456021612577e-01
