5.802198227121581342e-02
-3.160934509655830005e-02
2.453480135927718908e-01
1.808149665501644632e-01
2.011780626599652677e-01
3.090429255239005801e+00
1.183601781319232604e-01
1.366124982685855416e-02
-9.940542701262949921e-01
-2.865165518164922887e+01
-1.471386926974763032e+00
-1.009159452668641915e-04
-4.921706466323012820e-06
-1.208452235594133645e-01
-1.096963709644939271e-02
8.685280159552254409e-01
2.270046857511963737e-03
2.042851155866001571e-03
2.463907639197214679e-03
7.884887575017766187e-03
2.472310479135392605e-02
2.059025456021616185e-01
