0.000000000000000000e+00
-1.025338380828672014e-02
7.952977027784889907e-01
3.137575022015165160e+01
1.025848070846488191e+01
-3.022574932142981083e+02
-2.679397601473643249e+02
-9.671689623199570462e+01
2.626532596974692296e+03
3.929248341889997391e+03
-3.696287953189385078e+00
3.169558987937506921e-05
8.859280409746245102e-05
-1.188949194117763508e-01
-2.941608288078938552e-02
7.306812010817045344e-01
8.390698400671072962e-03
5.038641931508358249e-03
7.001948680856589016e-03
1.570293267982973348e-02
5.877606359532340508e-02
3.626461524232782452e-01
