3.266925164890427391e-02
-2.347310333557628415e-01
7.074026025771384951e-01
1.894122039009076941e+00
1.751730568843433478e+00
9.647470633909605908e+00
3.132579167084498240e-02
2.856871008551176150e-02
-6.608927545540126403e-01
-8.864876295351493241e+00
-6.351141890991467420e-01
0.000000000000000000e+00
0.000000000000000000e+00
0.000000000000000000e+00
0.000000000000000000e+00
1.000000000000000000e+00
1.000000000000000000e+00
1.000000000000000000e+00
1.000000000000000000e+00
1.000000000000000000e+00
1.000000000000000000e+00
1.000000000000000000e+00
