1.523908214102426828e-01
4.530329695557839820e-01
9.647086942887022065e-01
6.875242734131816746e-01
1.975543054970333223e+00
3.020740298979204042e+00
4.381155464871733241e-01
3.528213332356587295e-01
-9.130992784599953893e-01
-2.258670227040924061e+01
-4.260052169805435440e+00
0.000000000000000000e+00
0.000000000000000000e+00
0.000000000000000000e+00
0.000000000000000000e+00
1.000000000000000000e+00
1.000000000000000000e+00
1.000000000000000000e+00
1.000000000000000000e+00
1.000000000000000000e+00
1.000000000000000000e+00
1.000000000000000000e+00
