5.802198227121570934e-02
-3.160934509655782126e-02
2.453480135927727790e-01
1.808149665501635195e-01
2.011780626599654342e-01
3.090429255239014683e+00
1.183601781319233021e-01
1.366124982685884733e-02
-9.940542701262954361e-01
-2.865165518164915071e+01
-1.471386926974761256e+00
-1.009159452668650182e-04
-4.921706466323038231e-06
-1.208452235594132812e-01
-1.096963709644847504e-02
8.685280159552253298e-01
2.270046857511965905e-03
2.042851155865992030e-03
2.463907639197213811e-03
7.884887575017762718e-03
2.472310479135395381e-02
2.059025456021611744e-01
