5.802198227121577179e-02
-3.160934509655804331e-02
2.453480135927721129e-01
1.808149665501634640e-01
2.011780626599656285e-01
3.090429255239015127e+00
1.183601781319233159e-01
1.366124982685818813e-02
-9.940542701262952141e-01
-2.865165518164916136e+01
-1.471386926974761478e+00
-1.009159452668646116e-04
-4.921706466323222038e-06
-1.208452235594135171e-01
-1.096963709644918281e-02
8.685280159552244417e-01
2.270046857511963737e-03
2.042851155865987693e-03
2.463907639197214245e-03
7.884887575017766187e-03
2.472310479135392605e-02
2.059025456021612299e-01
