2.289190081654857156e-02
8.612070626820245156e-02
2.032398544090502357e-01
1.684861732388009958e-01
-1.896031291165660715e+00
4.029372435726427781e+00
1.893559242235696161e-01
2.642008875929624523e-02
-1.678573161222800536e-01
-3.101774462734300641e+01
-6.229294264896831024e+00
0.000000000000000000e+00
0.000000000000000000e+00
0.000000000000000000e+00
0.000000000000000000e+00
1.000000000000000000e+00
1.000000000000000000e+00
1.000000000000000000e+00
1.000000000000000000e+00
1.000000000000000000e+00
1.000000000000000000e+00
1.000000000000000000e+00
