5.802198227121575097e-02
-3.160934509655805719e-02
2.453480135927724182e-01
1.808149665501637138e-01
2.011780626599647681e-01
3.090429255239012907e+00
1.183601781319233159e-01
1.366124982685857324e-02
-9.940542701262954361e-01
-2.865165518164919334e+01
-1.471386926974762366e+00
-1.009159452668667800e-04
-4.921706466323265236e-06
-1.208452235594134200e-01
-1.096963709644857045e-02
8.685280159552248858e-01
2.270046857511965038e-03
2.042851155865988994e-03
2.463907639197213811e-03
7.884887575017766187e-03
2.472310479135393299e-02
2.059025456021612299e-01
