4.001075154155340763e-01
4.985916007993915766e-01
9.705681419831609924e-01
6.206238653326032750e-01
1.886851682886070414e+00
4.890350649590809340e+00
2.930669187834265554e-01
3.049259101131949756e-01
-1.692644967453763805e+00
-3.570162627711482628e+00
-9.583990177653621600e+00
0.000000000000000000e+00
0.000000000000000000e+00
0.000000000000000000e+00
0.000000000000000000e+00
1.000000000000000000e+00
1.000000000000000000e+00
1.000000000000000000e+00
1.000000000000000000e+00
1.000000000000000000e+00
1.000000000000000000e+00
1.000000000000000000e+00
