5.802198227121558444e-02
-3.160934509655849434e-02
2.453480135927740835e-01
1.808149665501639636e-01
2.011780626599631305e-01
3.090429255239012019e+00
1.183601781319233021e-01
1.366124982685845354e-02
-9.940542701262953251e-01
-2.865165518164921465e+01
-1.471386926974764586e+00
-1.009159452668709407e-04
-4.921706466323191544e-06
-1.208452235594137808e-01
-1.096963709644775166e-02
8.685280159552245527e-01
2.270046857511965038e-03
2.042851155865985958e-03
2.463907639197212077e-03
7.884887575017766187e-03
2.472310479135396075e-02
2.059025456021610356e-01
