4.491895242374590591e-01
-3.348845011735817057e-01
3.478639079648842003e-01
5.470559591208818961e-01
1.865725266044481412e+00
9.672437754740681015e+00
2.503996692804460467e-01
4.123003944399736276e-01
-4.423161366082339896e-03
-1.591122902803930117e+01
-2.564769227419935405e+00
0.000000000000000000e+00
0.000000000000000000e+00
0.000000000000000000e+00
0.000000000000000000e+00
1.000000000000000000e+00
1.000000000000000000e+00
1.000000000000000000e+00
1.000000000000000000e+00
1.000000000000000000e+00
1.000000000000000000e+00
1.000000000000000000e+00
