5.802198227121573709e-02
-3.160934509655817515e-02
2.453480135927725569e-01
1.808149665501640191e-01
2.011780626599639632e-01
3.090429255239010686e+00
1.183601781319233714e-01
1.366124982685849171e-02
-9.940542701262959913e-01
-2.865165518164923597e+01
-1.471386926974764364e+00
-1.009159452668702088e-04
-4.921706466323524428e-06
-1.208452235594136281e-01
-1.096963709644866412e-02
8.685280159552245527e-01
2.270046857511965905e-03
2.042851155865993331e-03
2.463907639197213811e-03
7.884887575017764452e-03
2.472310479135394687e-02
2.059025456021612577e-01
