4.039146890508333310e-01
4.550349536886012514e-01
2.762492672122880411e-01
1.093285715553235615e+00
-5.164501818956694912e-01
3.959372406105845510e+00
4.270955250519305468e-01
1.757061195861589487e-01
-4.491380252133652107e-01
-4.349586817284093598e+01
-6.585120413774144588e+00
0.000000000000000000e+00
0.000000000000000000e+00
0.000000000000000000e+00
0.000000000000000000e+00
1.000000000000000000e+00
1.000000000000000000e+00
1.000000000000000000e+00
1.000000000000000000e+00
1.000000000000000000e+00
1.000000000000000000e+00
1.000000000000000000e+00
