2.933274629462422900e-01
2.031154850227860909e-01
3.517637386897909391e-02
7.140155085336030716e-01
1.287716688102764628e+00
2.469542280609977603e+00
7.099587584070160551e-02
3.515721191129403955e-01
-1.721410411123571294e+00
-1.984267387590115561e+00
-4.507926198647991711e+00
0.000000000000000000e+00
0.000000000000000000e+00
0.000000000000000000e+00
0.000000000000000000e+00
1.000000000000000000e+00
1.000000000000000000e+00
1.000000000000000000e+00
1.000000000000000000e+00
1.000000000000000000e+00
1.000000000000000000e+00
1.000000000000000000e+00
