5.802198227121582036e-02
-3.160934509655800168e-02
2.453480135927716965e-01
1.808149665501639913e-01
2.011780626599651844e-01
3.090429255239010242e+00
1.183601781319233298e-01
1.366124982685829048e-02
-9.940542701262954361e-01
-2.865165518164921110e+01
-1.471386926974762810e+00
-1.009159452668640289e-04
-4.921706466323105994e-06
-1.208452235594134200e-01
-1.096963709644918801e-02
8.685280159552247747e-01
2.270046857511963737e-03
2.042851155865985525e-03
2.463907639197213811e-03
7.884887575017762718e-03
2.472310479135391911e-02
2.059025456021612854e-01
