4.035453220799870011e-01
-3.633169320948165248e-01
7.048030304357341125e-01
2.531314060544609390e-02
-6.369172530286322242e-01
2.037151084330005801e+00
2.854217915758819335e-01
2.728435613236757096e-01
9.163120927983623432e-01
-3.324963246035085973e+01
-3.308273004935422534e-01
0.000000000000000000e+00
0.000000000000000000e+00
0.000000000000000000e+00
0.000000000000000000e+00
1.000000000000000000e+00
1.000000000000000000e+00
1.000000000000000000e+00
1.000000000000000000e+00
1.000000000000000000e+00
1.000000000000000000e+00
1.000000000000000000e+00
