1.577229942012806085e-01
-2.895491364985647298e-02
3.846117190917098805e-01
5.384919600069584256e-01
1.728614000650089189e+00
1.982946385501136444e+00
4.669261414442894553e-01
1.255190545662232537e-02
-1.290714568066885448e+00
-2.073111392017933241e+01
-2.971583391462381485e+00
0.000000000000000000e+00
0.000000000000000000e+00
0.000000000000000000e+00
0.000000000000000000e+00
1.000000000000000000e+00
1.000000000000000000e+00
1.000000000000000000e+00
1.000000000000000000e+00
1.000000000000000000e+00
1.000000000000000000e+00
1.000000000000000000e+00
