4.510307624062541154e-01
5.780753578610464682e-02
6.559847055064071952e-01
1.664942825544249994e+00
-1.200463250907499280e+00
1.272542575153419175e+00
3.857195536408800640e-01
2.161442760871917224e-01
-2.688306614690386454e+00
-1.081783149694214075e+01
-2.144683790122194011e+00
0.000000000000000000e+00
0.000000000000000000e+00
0.000000000000000000e+00
0.000000000000000000e+00
1.000000000000000000e+00
1.000000000000000000e+00
1.000000000000000000e+00
1.000000000000000000e+00
1.000000000000000000e+00
1.000000000000000000e+00
1.000000000000000000e+00
