2.841136967015822634e-02
-4.772585893390969281e-01
1.566536135793510365e-01
3.980591310106977865e-01
6.821771619459973124e-01
5.809470917714099514e+00
2.396442869268228804e-01
6.935608469119119990e-02
-3.632921897208409856e+00
-2.733166374589472269e+01
-9.473681234025495002e-01
0.000000000000000000e+00
0.000000000000000000e+00
0.000000000000000000e+00
0.000000000000000000e+00
1.000000000000000000e+00
1.000000000000000000e+00
1.000000000000000000e+00
1.000000000000000000e+00
1.000000000000000000e+00
1.000000000000000000e+00
1.000000000000000000e+00
