5.802198227121561913e-02
-3.160934509655832086e-02
2.453480135927736949e-01
1.808149665501635472e-01
2.011780626599648791e-01
3.090429255239015127e+00
1.183601781319232743e-01
1.366124982685826272e-02
-9.940542701262949921e-01
-2.865165518164920400e+01
-1.471386926974763254e+00
-1.009159452668720113e-04
-4.921706466322790898e-06
-1.208452235594136559e-01
-1.096963709644799279e-02
8.685280159552244417e-01
2.270046857511964170e-03
2.042851155865986392e-03
2.463907639197213378e-03
7.884887575017767922e-03
2.472310479135397115e-02
2.059025456021610356e-01
