5.802198227121564689e-02
-3.160934509655827229e-02
2.453480135927734729e-01
1.808149665501636305e-01
2.011780626599637412e-01
3.090429255239014683e+00
1.183601781319233714e-01
1.366124982685862008e-02
-9.940542701262961023e-01
-2.865165518164920044e+01
-1.471386926974764142e+00
-1.009159452668656416e-04
-4.921706466323282177e-06
-1.208452235594135449e-01
-1.096963709644901627e-02
8.685280159552248858e-01
2.270046857511966339e-03
2.042851155865991163e-03
2.463907639197213378e-03
7.884887575017766187e-03
2.472310479135393299e-02
2.059025456021610911e-01
