2.302049681574275253e-02
-1.297576838844007874e-01
2.423182674914047263e-01
1.256960010089170021e+00
1.960440240107666821e+00
1.305880492583065822e+00
8.679458167332460006e-02
1.291570288298398705e-01
-2.489606199904291550e+00
-4.344905533635534312e+01
-7.095498745787891082e+00
0.000000000000000000e+00
0.000000000000000000e+00
0.000000000000000000e+00
0.000000000000000000e+00
1.000000000000000000e+00
1.000000000000000000e+00
1.000000000000000000e+00
1.000000000000000000e+00
1.000000000000000000e+00
1.000000000000000000e+00
1.000000000000000000e+00
