5.802198227121569546e-02
-3.160934509655819596e-02
2.453480135927729733e-01
1.808149665501639913e-01
2.011780626599638799e-01
3.090429255239011130e+00
1.183601781319233021e-01
1.366124982685871549e-02
-9.940542701262955472e-01
-2.865165518164923597e+01
-1.471386926974764364e+00
-1.009159452668693008e-04
-4.921706466322890001e-06
-1.208452235594136143e-01
-1.096963709644900760e-02
8.685280159552247747e-01
2.270046857511965905e-03
2.042851155865992897e-03
2.463907639197213378e-03
7.884887575017766187e-03
2.472310479135395034e-02
2.059025456021612854e-01
