4.552794520519923838e-01
3.508977745386843150e-02
7.153109805849833247e-01
4.779413914037866640e-02
1.294645054796928374e+00
3.487811201661225269e+00
1.764456375654765985e-02
2.769444721454145664e-01
-1.011423432229359154e+00
-3.147430919166753327e+01
-3.645111500159096352e+00
0.000000000000000000e+00
0.000000000000000000e+00
0.000000000000000000e+00
0.000000000000000000e+00
1.000000000000000000e+00
1.000000000000000000e+00
1.000000000000000000e+00
1.000000000000000000e+00
1.000000000000000000e+00
1.000000000000000000e+00
1.000000000000000000e+00
