9.897856831033707836e-02
5.115758158977856684e-02
5.466129651601674411e-01
6.134166588946374787e-01
-2.312398517621794269e-01
6.659789159059483765e+00
4.449002230581871054e-01
2.367621004364208193e-01
4.141532820396918169e-01
-1.887975448867602069e+01
-7.354837411240819023e+00
0.000000000000000000e+00
0.000000000000000000e+00
0.000000000000000000e+00
0.000000000000000000e+00
1.000000000000000000e+00
1.000000000000000000e+00
1.000000000000000000e+00
1.000000000000000000e+00
1.000000000000000000e+00
1.000000000000000000e+00
1.000000000000000000e+00
