5.802198227121571628e-02
-3.160934509655811964e-02
2.453480135927727790e-01
1.808149665501639913e-01
2.011780626599648791e-01
3.090429255239010686e+00
1.183601781319232882e-01
1.366124982685847609e-02
-9.940542701262952141e-01
-2.865165518164925373e+01
-1.471386926974764364e+00
-1.009159452668695176e-04
-4.921706466322743464e-06
-1.208452235594134616e-01
-1.096963709644863463e-02
8.685280159552248858e-01
2.270046857511963737e-03
2.042851155865982923e-03
2.463907639197212510e-03
7.884887575017766187e-03
2.472310479135394340e-02
2.059025456021611744e-01
