4.828090511654616890e-01
-2.041720071926600433e-01
3.620147559578357210e-02
1.199080356243890533e+00
8.920629422645420803e-01
3.213511583444671693e+00
7.518169757491288685e-02
4.856671726991811378e-01
-2.346311315043090318e-01
-1.461738554381170019e+01
-9.564799057491661927e-01
0.000000000000000000e+00
0.000000000000000000e+00
0.000000000000000000e+00
0.000000000000000000e+00
1.000000000000000000e+00
1.000000000000000000e+00
1.000000000000000000e+00
1.000000000000000000e+00
1.000000000000000000e+00
1.000000000000000000e+00
1.000000000000000000e+00
