5.802198227121563301e-02
-3.160934509655824454e-02
2.453480135927735839e-01
1.808149665501636305e-01
2.011780626599633248e-01
3.090429255239014683e+00
1.183601781319233298e-01
1.366124982685848824e-02
-9.940542701262956582e-01
-2.865165518164917557e+01
-1.471386926974763032e+00
-1.009159452668661024e-04
-4.921706466323665883e-06
-1.208452235594135449e-01
-1.096963709644917240e-02
8.685280159552245527e-01
2.270046857511965038e-03
2.042851155865993765e-03
2.463907639197212510e-03
7.884887575017766187e-03
2.472310479135395034e-02
2.059025456021610911e-01
