4.233312036050669303e-01
6.116554026503417951e-02
4.548754024057528600e-01
7.043498273839234880e-01
3.434055365393491321e-01
5.357497442730757342e+00
4.137281383896730391e-01
1.322710993610172192e-01
-2.129725631967705368e+00
-3.261074885771390086e+01
-8.655216776910263476e+00
0.000000000000000000e+00
0.000000000000000000e+00
0.000000000000000000e+00
0.000000000000000000e+00
1.000000000000000000e+00
1.000000000000000000e+00
1.000000000000000000e+00
1.000000000000000000e+00
1.000000000000000000e+00
1.000000000000000000e+00
1.000000000000000000e+00
