5.802198227121564689e-02
-3.160934509655850128e-02
2.453480135927735561e-01
1.808149665501642966e-01
2.011780626599645738e-01
3.090429255239007578e+00
1.183601781319232049e-01
1.366124982685861487e-02
-9.940542701262945480e-01
-2.865165518164926084e+01
-1.471386926974765030e+00
-1.009159452668694228e-04
-4.921706466323162745e-06
-1.208452235594135588e-01
-1.096963709644907872e-02
8.685280159552251078e-01
2.270046857511964604e-03
2.042851155865986826e-03
2.463907639197212944e-03
7.884887575017764452e-03
2.472310479135394687e-02
2.059025456021612577e-01
