1.690157716330775717e-02
-4.355041202683803681e-01
4.033083733156921369e-01
1.781130957852354202e+00
4.297214840790530843e-02
9.574412162687149674e+00
9.621576851619284554e-02
1.026696944844583403e-01
-3.095162992466864438e+00
-2.406399373732025637e+01
-9.297554645787799998e+00
0.000000000000000000e+00
0.000000000000000000e+00
0.000000000000000000e+00
0.000000000000000000e+00
1.000000000000000000e+00
1.000000000000000000e+00
1.000000000000000000e+00
1.000000000000000000e+00
1.000000000000000000e+00
1.000000000000000000e+00
1.000000000000000000e+00
