5.802198227121573709e-02
-3.160934509655823760e-02
2.453480135927725014e-01
1.808149665501638248e-01
2.011780626599653787e-01
3.090429255239012019e+00
1.183601781319232882e-01
1.366124982685836334e-02
-9.940542701262952141e-01
-2.865165518164922887e+01
-1.471386926974763254e+00
-1.009159452668671189e-04
-4.921706466323475300e-06
-1.208452235594136420e-01
-1.096963709644833973e-02
8.685280159552247747e-01
2.270046857511964170e-03
2.042851155865988561e-03
2.463907639197214245e-03
7.884887575017766187e-03
2.472310479135393993e-02
2.059025456021613687e-01
