5.632885194684356112e-03
-2.169745044381450327e-01
8.940842688351935408e-03
1.637189436698397227e+00
-4.975396856194977957e-01
1.629294211545837534e+00
4.894682247084704563e-01
4.936708575290462697e-01
-2.183932793705865905e+00
-1.996114875086691853e+01
-1.891105085815951270e+00
0.000000000000000000e+00
0.000000000000000000e+00
0.000000000000000000e+00
0.000000000000000000e+00
1.000000000000000000e+00
1.000000000000000000e+00
1.000000000000000000e+00
1.000000000000000000e+00
1.000000000000000000e+00
1.000000000000000000e+00
1.000000000000000000e+00
