5.802198227121571628e-02
-3.160934509655848046e-02
2.453480135927728345e-01
1.808149665501634085e-01
2.011780626599637967e-01
3.090429255239016904e+00
1.183601781319233021e-01
1.366124982685814997e-02
-9.940542701262952141e-01
-2.865165518164918268e+01
-1.471386926974762588e+00
-1.009159452668712524e-04
-4.921706466323517652e-06
-1.208452235594136975e-01
-1.096963709644844381e-02
8.685280159552244417e-01
2.270046857511963737e-03
2.042851155865986826e-03
2.463907639197212944e-03
7.884887575017766187e-03
2.472310479135393646e-02
2.059025456021610079e-01
