5.802198227121562607e-02
-3.160934509655800168e-02
2.453480135927736117e-01
1.808149665501637693e-01
2.011780626599639077e-01
3.090429255239013351e+00
1.183601781319233437e-01
1.366124982685875365e-02
-9.940542701262958802e-01
-2.865165518164922887e+01
-1.471386926974764364e+00
-1.009159452668701546e-04
-4.921706466322713818e-06
-1.208452235594135171e-01
-1.096963709644870923e-02
8.685280159552248858e-01
2.270046857511965471e-03
2.042851155865984657e-03
2.463907639197212510e-03
7.884887575017764452e-03
2.472310479135395728e-02
2.059025456021610356e-01
