3.882329667539164419e-01
-1.957814364577704636e-01
5.726761770667244678e-01
8.671343585084434480e-02
4.799374823520579092e-01
1.010676990058632096e+00
2.782539197256179708e-01
2.461143206450571719e-01
-5.445009561042892798e-01
-1.450097606459727473e+01
-9.160949426208111035e+00
0.000000000000000000e+00
0.000000000000000000e+00
0.000000000000000000e+00
0.000000000000000000e+00
1.000000000000000000e+00
1.000000000000000000e+00
1.000000000000000000e+00
1.000000000000000000e+00
1.000000000000000000e+00
1.000000000000000000e+00
1.000000000000000000e+00
