5.802198227121558444e-02
-3.160934509655809188e-02
2.453480135927740280e-01
1.808149665501638803e-01
2.011780626599635191e-01
3.090429255239012019e+00
1.183601781319232604e-01
1.366124982685884906e-02
-9.940542701262951031e-01
-2.865165518164920755e+01
-1.471386926974763920e+00
-1.009159452668661024e-04
-4.921706466323248296e-06
-1.208452235594134616e-01
-1.096963709644868321e-02
8.685280159552248858e-01
2.270046857511967206e-03
2.042851155865995066e-03
2.463907639197212510e-03
7.884887575017764452e-03
2.472310479135397462e-02
2.059025456021613132e-01
