5.802198227121576485e-02
-3.160934509655819596e-02
2.453480135927723349e-01
1.808149665501638526e-01
2.011780626599644628e-01
3.090429255239012019e+00
1.183601781319233159e-01
1.366124982685850558e-02
-9.940542701262954361e-01
-2.865165518164921821e+01
-1.471386926974763032e+00
-1.009159452668684199e-04
-4.921706466322973010e-06
-1.208452235594135588e-01
-1.096963709644916372e-02
8.685280159552245527e-01
2.270046857511964170e-03
2.042851155865995066e-03
2.463907639197212077e-03
7.884887575017764452e-03
2.472310479135392605e-02
2.059025456021612577e-01
