3.457672510092552609e-01
2.119255542405095172e-01
8.244126378909731878e-01
1.074013316649324867e+00
-1.109120385247864604e+00
5.431059707653895785e-02
3.444921609065720869e-02
1.063395233510583404e-02
-4.211730822668525498e+00
-3.401738646378501585e+01
-4.928178964524896344e+00
0.000000000000000000e+00
0.000000000000000000e+00
0.000000000000000000e+00
0.000000000000000000e+00
1.000000000000000000e+00
1.000000000000000000e+00
1.000000000000000000e+00
1.000000000000000000e+00
1.000000000000000000e+00
1.000000000000000000e+00
1.000000000000000000e+00
