5.802198227121572321e-02
-3.160934509655799474e-02
2.453480135927727235e-01
1.808149665501644632e-01
2.011780626599651289e-01
3.090429255239005801e+00
1.183601781319233159e-01
1.366124982685887508e-02
-9.940542701262957692e-01
-2.865165518164925018e+01
-1.471386926974763920e+00
-1.009159452668650995e-04
-4.921706466322518153e-06
-1.208452235594132396e-01
-1.096963709644826861e-02
8.685280159552256629e-01
2.270046857511965038e-03
2.042851155865993331e-03
2.463907639197214679e-03
7.884887575017760983e-03
2.472310479135395381e-02
2.059025456021614797e-01
