5.802198227121580648e-02
-3.160934509655819596e-02
2.453480135927718631e-01
1.808149665501636860e-01
2.011780626599650457e-01
3.090429255239013795e+00
1.183601781319233298e-01
1.366124982685821762e-02
-9.940542701262955472e-01
-2.865165518164918979e+01
-1.471386926974762366e+00
-1.009159452668708322e-04
-4.921706466323160204e-06
-1.208452235594136281e-01
-1.096963709644753135e-02
8.685280159552247747e-01
2.270046857511963303e-03
2.042851155865985958e-03
2.463907639197212510e-03
7.884887575017766187e-03
2.472310479135391911e-02
2.059025456021612022e-01
