5.802198227121579260e-02
-3.160934509655834168e-02
2.453480135927720018e-01
1.808149665501641856e-01
2.011780626599638522e-01
3.090429255239009354e+00
1.183601781319233159e-01
1.366124982685831303e-02
-9.940542701262954361e-01
-2.865165518164924663e+01
-1.471386926974763920e+00
-1.009159452668698429e-04
-4.921706466323315211e-06
-1.208452235594137392e-01
-1.096963709644801360e-02
8.685280159552245527e-01
2.270046857511963303e-03
2.042851155865985091e-03
2.463907639197213811e-03
7.884887575017766187e-03
2.472310479135392258e-02
2.059025456021613687e-01
