7.738732983937673948e-02
-2.003808515432471404e-01
7.836747247743238720e-01
1.653430574171127043e+00
-1.190828496414757964e+00
9.109453782430151136e+00
8.002044047521927883e-02
8.839232766061666524e-02
9.228454941489969698e-01
-2.955100127568165647e+00
-1.786319092755562110e+00
0.000000000000000000e+00
0.000000000000000000e+00
0.000000000000000000e+00
0.000000000000000000e+00
1.000000000000000000e+00
1.000000000000000000e+00
1.000000000000000000e+00
1.000000000000000000e+00
1.000000000000000000e+00
1.000000000000000000e+00
1.000000000000000000e+00
