3.722554668206266015e-01
1.954144625004088365e-01
4.146259874385950228e-01
7.897459892090579192e-01
-1.900731837085853471e+00
1.426960051676540164e+00
5.555361757907645304e-02
1.429266901562682990e-01
-2.295140511226356317e+00
-4.774601272028780841e+01
-8.223484361018545741e+00
0.000000000000000000e+00
0.000000000000000000e+00
0.000000000000000000e+00
0.000000000000000000e+00
1.000000000000000000e+00
1.000000000000000000e+00
1.000000000000000000e+00
1.000000000000000000e+00
1.000000000000000000e+00
1.000000000000000000e+00
1.000000000000000000e+00
