5.802198227121580648e-02
-3.160934509655780739e-02
2.453480135927718075e-01
1.808149665501639636e-01
2.011780626599648791e-01
3.090429255239011130e+00
1.183601781319232743e-01
1.366124982685868079e-02
-9.940542701262951031e-01
-2.865165518164921110e+01
-1.471386926974762366e+00
-1.009159452668679049e-04
-4.921706466323170369e-06
-1.208452235594134200e-01
-1.096963709644867106e-02
8.685280159552248858e-01
2.270046857511963737e-03
2.042851155865990729e-03
2.463907639197214679e-03
7.884887575017767922e-03
2.472310479135392605e-02
2.059025456021612854e-01
