5.802198227121569546e-02
-3.160934509655820984e-02
2.453480135927730288e-01
1.808149665501643799e-01
2.011780626599650734e-01
3.090429255239006689e+00
1.183601781319232188e-01
1.366124982685876926e-02
-9.940542701262947700e-01
-2.865165518164923952e+01
-1.471386926974764142e+00
-1.009159452668635952e-04
-4.921706466322922188e-06
-1.208452235594133367e-01
-1.096963709644919668e-02
8.685280159552251078e-01
2.270046857511964170e-03
2.042851155865994198e-03
2.463907639197212510e-03
7.884887575017762718e-03
2.472310479135396075e-02
2.059025456021614520e-01
