2.928937713190165604e-01
-6.854762038540185287e-03
8.347223664545363464e-01
1.471563267993480029e+00
-8.660795941688510524e-01
2.559163856256629899e-01
4.727614404122978953e-01
3.364334660829357282e-01
-3.855274069088308941e+00
-2.054836242933290436e+01
-2.167874689526203547e+00
0.000000000000000000e+00
0.000000000000000000e+00
0.000000000000000000e+00
0.000000000000000000e+00
1.000000000000000000e+00
1.000000000000000000e+00
1.000000000000000000e+00
1.000000000000000000e+00
1.000000000000000000e+00
1.000000000000000000e+00
1.000000000000000000e+00
