5.802198227121568852e-02
-3.160934509655816821e-02
2.453480135927730010e-01
1.808149665501640746e-01
2.011780626599646016e-01
3.090429255239009798e+00
1.183601781319232743e-01
1.366124982685848303e-02
-9.940542701262949921e-01
-2.865165518164922887e+01
-1.471386926974763254e+00
-1.009159452668666987e-04
-4.921706466323066183e-06
-1.208452235594135449e-01
-1.096963709644833279e-02
8.685280159552248858e-01
2.270046857511964170e-03
2.042851155865991596e-03
2.463907639197214679e-03
7.884887575017766187e-03
2.472310479135395381e-02
2.059025456021613687e-01
