1.022244510231700709e-01
-3.078956208482703794e-01
2.746895248625258468e-03
1.608628509011720498e+00
-1.399287542885348401e+00
5.355955623783531294e+00
2.144606012670580153e-03
3.460709990889576648e-01
-4.608329981142093246e+00
-4.014098920747382238e+01
-5.382984832583495027e+00
0.000000000000000000e+00
0.000000000000000000e+00
0.000000000000000000e+00
0.000000000000000000e+00
1.000000000000000000e+00
1.000000000000000000e+00
1.000000000000000000e+00
1.000000000000000000e+00
1.000000000000000000e+00
1.000000000000000000e+00
1.000000000000000000e+00
