5.802198227121584811e-02
-3.160934509655823760e-02
2.453480135927715022e-01
1.808149665501639358e-01
2.011780626599647681e-01
3.090429255239011130e+00
1.183601781319233298e-01
1.366124982685849518e-02
-9.940542701262956582e-01
-2.865165518164920755e+01
-1.471386926974763032e+00
-1.009159452668655468e-04
-4.921706466322768028e-06
-1.208452235594134061e-01
-1.096963709644796850e-02
8.685280159552254409e-01
2.270046857511965471e-03
2.042851155865991163e-03
2.463907639197213378e-03
7.884887575017764452e-03
2.472310479135391217e-02
2.059025456021613132e-01
