5.802198227121582036e-02
-3.160934509655777269e-02
2.453480135927716965e-01
1.808149665501633252e-01
2.011780626599658228e-01
3.090429255239016459e+00
1.183601781319233714e-01
1.366124982685832170e-02
-9.940542701262958802e-01
-2.865165518164915071e+01
-1.471386926974761256e+00
-1.009159452668676881e-04
-4.921706466322707042e-06
-1.208452235594133506e-01
-1.096963709644792860e-02
8.685280159552251078e-01
2.270046857511964604e-03
2.042851155865988561e-03
2.463907639197214245e-03
7.884887575017766187e-03
2.472310479135390524e-02
2.059025456021610079e-01
