5.802198227121572321e-02
-3.160934509655797392e-02
2.453480135927726680e-01
1.808149665501637138e-01
2.011780626599664057e-01
3.090429255239012907e+00
1.183601781319233714e-01
1.366124982685862355e-02
-9.940542701262959913e-01
-2.865165518164917557e+01
-1.471386926974762588e+00
-1.009159452668698836e-04
-4.921706466322504601e-06
-1.208452235594133506e-01
-1.096963709644842994e-02
8.685280159552254409e-01
2.270046857511965471e-03
2.042851155865995066e-03
2.463907639197213811e-03
7.884887575017764452e-03
2.472310479135393299e-02
2.059025456021612022e-01
