3.518653535688370249e-01
3.009101954731441264e-01
1.815910494847853274e-01
1.987243608988433552e+00
7.078880826172082585e-01
7.576216695604732543e+00
4.327239284183649337e-01
4.162578297187613519e-02
-4.706987000426506640e+00
-4.368940426749354344e+00
-3.773746389756330366e+00
0.000000000000000000e+00
0.000000000000000000e+00
0.000000000000000000e+00
0.000000000000000000e+00
1.000000000000000000e+00
1.000000000000000000e+00
1.000000000000000000e+00
1.000000000000000000e+00
1.000000000000000000e+00
1.000000000000000000e+00
1.000000000000000000e+00
