5.802198227121568158e-02
-3.160934509655798086e-02
2.453480135927730565e-01
1.808149665501637970e-01
2.011780626599638522e-01
3.090429255239012907e+00
1.183601781319232882e-01
1.366124982685841018e-02
-9.940542701262951031e-01
-2.865165518164918268e+01
-1.471386926974762366e+00
-1.009159452668680269e-04
-4.921706466323326223e-06
-1.208452235594134339e-01
-1.096963709644854963e-02
8.685280159552247747e-01
2.270046857511964170e-03
2.042851155865986392e-03
2.463907639197213811e-03
7.884887575017766187e-03
2.472310479135395381e-02
2.059025456021611189e-01
