8.280554123990924165e-02
4.835753671025875278e-01
8.439812527142065424e-01
3.965706531121304668e-01
-3.114126681243130079e-01
5.816924995493158335e+00
2.268487888803925046e-01
3.060846884836488924e-01
-2.091797844387738969e+00
-3.657768407715970227e+01
-2.231380275235752109e+00
0.000000000000000000e+00
0.000000000000000000e+00
0.000000000000000000e+00
0.000000000000000000e+00
1.000000000000000000e+00
1.000000000000000000e+00
1.000000000000000000e+00
1.000000000000000000e+00
1.000000000000000000e+00
1.000000000000000000e+00
1.000000000000000000e+00
