8.656213886842334393e-02
-4.913092997718165877e-01
9.313431344988053473e-01
1.764935708315434892e+00
1.360678172602172609e+00
1.310598565010206995e+00
3.905584231987448418e-01
4.964504513556182164e-01
-1.485773321207632947e-01
-4.943107555013361321e+01
-2.971331862387419420e+00
0.000000000000000000e+00
0.000000000000000000e+00
0.000000000000000000e+00
0.000000000000000000e+00
1.000000000000000000e+00
1.000000000000000000e+00
1.000000000000000000e+00
1.000000000000000000e+00
1.000000000000000000e+00
1.000000000000000000e+00
1.000000000000000000e+00
