5.802198227121570934e-02
-3.160934509655807106e-02
2.453480135927728345e-01
1.808149665501642689e-01
2.011780626599648791e-01
3.090429255239008022e+00
1.183601781319231494e-01
1.366124982685877447e-02
-9.940542701262941039e-01
-2.865165518164926084e+01
-1.471386926974763476e+00
-1.009159452668665361e-04
-4.921706466322727370e-06
-1.208452235594134061e-01
-1.096963709644922270e-02
8.685280159552251078e-01
2.270046857511963737e-03
2.042851155865991596e-03
2.463907639197213811e-03
7.884887575017766187e-03
2.472310479135396075e-02
2.059025456021613687e-01
