5.802198227121575097e-02
-3.160934509655804331e-02
2.453480135927724459e-01
1.808149665501645187e-01
2.011780626599649069e-01
3.090429255239005357e+00
1.183601781319232327e-01
1.366124982685882998e-02
-9.940542701262947700e-01
-2.865165518164923952e+01
-1.471386926974763254e+00
-1.009159452668642457e-04
-4.921706466322601162e-06
-1.208452235594133367e-01
-1.096963709644965118e-02
8.685280159552251078e-01
2.270046857511963303e-03
2.042851155865999403e-03
2.463907639197214679e-03
7.884887575017766187e-03
2.472310479135394687e-02
2.059025456021615630e-01
