4.698696669002344617e-02
-3.574672372062352999e-01
6.586403123016104644e-01
1.593878141619687661e+00
9.844878533801018072e-01
7.741877388740378230e+00
1.407326413805123355e-01
3.480460091352775565e-01
-7.764607949280506460e-01
-4.457449739855087500e+01
-5.067031269552782824e+00
0.000000000000000000e+00
0.000000000000000000e+00
0.000000000000000000e+00
0.000000000000000000e+00
1.000000000000000000e+00
1.000000000000000000e+00
1.000000000000000000e+00
1.000000000000000000e+00
1.000000000000000000e+00
1.000000000000000000e+00
1.000000000000000000e+00
