2.228547546177730432e-01
-4.319907482193596771e-01
8.767014831644925899e-01
1.545874132833159109e+00
-4.641595878713458134e-01
1.860181828258303804e+00
2.650807296495462650e-01
3.141671100403400918e-01
-4.939796985244470306e+00
-8.185849573572205884e+00
-1.555475595046440063e+00
0.000000000000000000e+00
0.000000000000000000e+00
0.000000000000000000e+00
0.000000000000000000e+00
1.000000000000000000e+00
1.000000000000000000e+00
1.000000000000000000e+00
1.000000000000000000e+00
1.000000000000000000e+00
1.000000000000000000e+00
1.000000000000000000e+00
