5.802198227121575791e-02
-3.160934509655804331e-02
2.453480135927723627e-01
1.808149665501638248e-01
2.011780626599647404e-01
3.090429255239012463e+00
1.183601781319233021e-01
1.366124982685850905e-02
-9.940542701262953251e-01
-2.865165518164918623e+01
-1.471386926974762366e+00
-1.009159452668669698e-04
-4.921706466323045855e-06
-1.208452235594134061e-01
-1.096963709644828769e-02
8.685280159552248858e-01
2.270046857511965038e-03
2.042851155865988994e-03
2.463907639197213378e-03
7.884887575017764452e-03
2.472310479135392258e-02
2.059025456021612577e-01
