1.517496416808057358e-01
-2.020613064554194205e-01
9.847227953540400591e-01
1.718458226558362334e+00
-6.167111463801315807e-01
2.163734440187152774e+00
1.380676573226929382e-01
1.320493993997118864e-01
-4.516575140834802937e+00
-4.210664545647665591e+01
-7.010033602557044219e+00
0.000000000000000000e+00
0.000000000000000000e+00
0.000000000000000000e+00
0.000000000000000000e+00
1.000000000000000000e+00
1.000000000000000000e+00
1.000000000000000000e+00
1.000000000000000000e+00
1.000000000000000000e+00
1.000000000000000000e+00
1.000000000000000000e+00
