5.802198227121574403e-02
-3.160934509655799474e-02
2.453480135927724459e-01
1.808149665501637138e-01
2.011780626599650457e-01
3.090429255239012907e+00
1.183601781319233021e-01
1.366124982685836854e-02
-9.940542701262952141e-01
-2.865165518164915781e+01
-1.471386926974761034e+00
-1.009159452668645574e-04
-4.921706466322391098e-06
-1.208452235594134061e-01
-1.096963709644865198e-02
8.685280159552247747e-01
2.270046857511963303e-03
2.042851155865994198e-03
2.463907639197214679e-03
7.884887575017764452e-03
2.472310479135395728e-02
2.059025456021612299e-01
