8.766554745827043194e-02
4.889120021710231523e-01
8.220356735303550044e-01
1.240819631345432272e+00
-1.199442685314707102e+00
8.383121327164310799e+00
4.144131952468861346e-01
1.731889819251719587e-02
-6.834292015764287243e-01
-3.840209560419613410e+01
-4.741026705846430822e+00
0.000000000000000000e+00
0.000000000000000000e+00
0.000000000000000000e+00
0.000000000000000000e+00
1.000000000000000000e+00
1.000000000000000000e+00
1.000000000000000000e+00
1.000000000000000000e+00
1.000000000000000000e+00
1.000000000000000000e+00
1.000000000000000000e+00
