3.451099540007513955e-01
-3.991544030284206457e-01
2.661355113335797107e-01
1.750851821306015133e+00
8.341205210102025092e-01
8.633012548147481979e+00
4.054657499284923250e-01
3.025251802536113588e-01
2.657977858621407563e-01
-3.591707217358973736e+01
-2.816577547851995433e+00
0.000000000000000000e+00
0.000000000000000000e+00
0.000000000000000000e+00
0.000000000000000000e+00
1.000000000000000000e+00
1.000000000000000000e+00
1.000000000000000000e+00
1.000000000000000000e+00
1.000000000000000000e+00
1.000000000000000000e+00
1.000000000000000000e+00
