4.743638869442234340e-01
2.436438528107690571e-01
3.832907301201926575e-02
6.507466090642979317e-01
-7.162703567426822460e-01
4.055409548256237784e+00
3.626789179570860666e-02
1.648803829563825762e-01
-3.420832723068292225e-01
-4.135838681922511029e+01
-4.726129163902728081e+00
0.000000000000000000e+00
0.000000000000000000e+00
0.000000000000000000e+00
0.000000000000000000e+00
1.000000000000000000e+00
1.000000000000000000e+00
1.000000000000000000e+00
1.000000000000000000e+00
1.000000000000000000e+00
1.000000000000000000e+00
1.000000000000000000e+00
