2.172216090094229446e-01
-4.645716897895694197e-01
1.778893177043698870e-01
5.530935029226760058e-01
3.603860330407449020e-01
7.647747151453564207e+00
1.268201727876856477e-01
3.803453829018728638e-01
-4.494949127440198033e+00
-9.565095696658829638e+00
-7.958358258037073973e+00
0.000000000000000000e+00
0.000000000000000000e+00
0.000000000000000000e+00
0.000000000000000000e+00
1.000000000000000000e+00
1.000000000000000000e+00
1.000000000000000000e+00
1.000000000000000000e+00
1.000000000000000000e+00
1.000000000000000000e+00
1.000000000000000000e+00
