2.986272674906359503e-02
9.663422438190372166e-02
4.697844573874202512e-01
1.711053930472201445e+00
-3.989829367776627222e-01
2.380652255937695472e+00
1.893740411670079005e-01
1.435830465999862193e-01
-3.252488777479358717e+00
-3.946643503372667539e+01
-5.311465182583158473e+00
0.000000000000000000e+00
0.000000000000000000e+00
0.000000000000000000e+00
0.000000000000000000e+00
1.000000000000000000e+00
1.000000000000000000e+00
1.000000000000000000e+00
1.000000000000000000e+00
1.000000000000000000e+00
1.000000000000000000e+00
1.000000000000000000e+00
