3.438495929192521006e-01
7.132383430246436173e-02
7.069258974705092680e-01
4.438448331736308816e-01
-1.590048608531430929e+00
2.617838370901083067e+00
1.366316593865024021e-01
4.358988350596815775e-01
-2.250194317764154128e+00
-4.753508893971432769e+01
-1.156245660719656954e+00
0.000000000000000000e+00
0.000000000000000000e+00
0.000000000000000000e+00
0.000000000000000000e+00
1.000000000000000000e+00
1.000000000000000000e+00
1.000000000000000000e+00
1.000000000000000000e+00
1.000000000000000000e+00
1.000000000000000000e+00
1.000000000000000000e+00
