5.802198227121569546e-02
-3.160934509655807800e-02
2.453480135927729733e-01
1.808149665501634640e-01
2.011780626599667388e-01
3.090429255239014683e+00
1.183601781319233437e-01
1.366124982685829221e-02
-9.940542701262956582e-01
-2.865165518164916136e+01
-1.471386926974762366e+00
-1.009159452668661024e-04
-4.921706466322892542e-06
-1.208452235594134200e-01
-1.096963709644818361e-02
8.685280159552251078e-01
2.270046857511964170e-03
2.042851155865993765e-03
2.463907639197211209e-03
7.884887575017764452e-03
2.472310479135395034e-02
2.059025456021610634e-01
