1.521751569986682928e-01
2.263021743090906091e-01
9.635220163088090706e-01
1.153502057703396311e+00
-1.248618034787114084e+00
7.081344965308274730e+00
2.798220324827649930e-01
3.391007415922320245e-01
-3.749264207069944010e+00
-3.502754375192880332e+01
-5.040869477890794315e+00
0.000000000000000000e+00
0.000000000000000000e+00
0.000000000000000000e+00
0.000000000000000000e+00
1.000000000000000000e+00
1.000000000000000000e+00
1.000000000000000000e+00
1.000000000000000000e+00
1.000000000000000000e+00
1.000000000000000000e+00
1.000000000000000000e+00
