6.518134738762110247e-02
-5.323266430379347547e-02
5.900454401415186068e-01
1.976810300452850333e+00
2.711326942124241413e-01
1.363280597797911220e+00
9.597672652974514884e-02
1.864788027496255829e-02
-1.554034362049365292e+00
-4.528489450875783007e+01
-5.851611655676354218e+00
0.000000000000000000e+00
0.000000000000000000e+00
0.000000000000000000e+00
0.000000000000000000e+00
1.000000000000000000e+00
1.000000000000000000e+00
1.000000000000000000e+00
1.000000000000000000e+00
1.000000000000000000e+00
1.000000000000000000e+00
1.000000000000000000e+00
