5.802198227121575097e-02
-3.160934509655805025e-02
2.453480135927723904e-01
1.808149665501636860e-01
2.011780626599648236e-01
3.090429255239013795e+00
1.183601781319232743e-01
1.366124982685839283e-02
-9.940542701262949921e-01
-2.865165518164920755e+01
-1.471386926974762810e+00
-1.009159452668675119e-04
-4.921706466322942517e-06
-1.208452235594136004e-01
-1.096963709644913597e-02
8.685280159552244417e-01
2.270046857511963737e-03
2.042851155865986826e-03
2.463907639197214245e-03
7.884887575017766187e-03
2.472310479135393646e-02
2.059025456021612577e-01
