2.680558340279229346e-01
-2.258923790279161459e-01
4.103495245961119586e-02
1.447135148071831967e-01
7.728460243463599610e-01
7.867696329288755841e+00
1.621888399218236465e-01
3.461142645555961850e-01
6.749152556308892770e-01
-1.057725779336222161e+01
-6.021179676898013255e+00
0.000000000000000000e+00
0.000000000000000000e+00
0.000000000000000000e+00
0.000000000000000000e+00
1.000000000000000000e+00
1.000000000000000000e+00
1.000000000000000000e+00
1.000000000000000000e+00
1.000000000000000000e+00
1.000000000000000000e+00
1.000000000000000000e+00
