5.802198227121565383e-02
-3.160934509655834862e-02
2.453480135927734174e-01
1.808149665501642689e-01
2.011780626599642130e-01
3.090429255239008466e+00
1.183601781319232743e-01
1.366124982685864089e-02
-9.940542701262951031e-01
-2.865165518164924663e+01
-1.471386926974764586e+00
-1.009159452668689620e-04
-4.921706466322892542e-06
-1.208452235594136143e-01
-1.096963709644904923e-02
8.685280159552251078e-01
2.270046857511964170e-03
2.042851155865989428e-03
2.463907639197211643e-03
7.884887575017762718e-03
2.472310479135394687e-02
2.059025456021612577e-01
