4.186996194819109229e-02
-1.664937075209990125e-01
8.593557450886470939e-01
2.113736706381690311e-01
1.425601760870156554e-01
6.368956975025596989e-01
1.484172893350177436e-01
1.122618410058451310e-03
-2.293304543544546270e+00
-5.819019683562018486e+00
-4.229423997775816346e+00
0.000000000000000000e+00
0.000000000000000000e+00
0.000000000000000000e+00
0.000000000000000000e+00
1.000000000000000000e+00
1.000000000000000000e+00
1.000000000000000000e+00
1.000000000000000000e+00
1.000000000000000000e+00
1.000000000000000000e+00
1.000000000000000000e+00
