5.802198227121577179e-02
-3.160934509655809882e-02
2.453480135927721961e-01
1.808149665501633807e-01
2.011780626599662392e-01
3.090429255239016015e+00
1.183601781319233576e-01
1.366124982685845007e-02
-9.940542701262957692e-01
-2.865165518164917913e+01
-1.471386926974762366e+00
-1.009159452668663328e-04
-4.921706466322968775e-06
-1.208452235594134894e-01
-1.096963709644792166e-02
8.685280159552248858e-01
2.270046857511964604e-03
2.042851155865989428e-03
2.463907639197212944e-03
7.884887575017764452e-03
2.472310479135390870e-02
2.059025456021610911e-01
