4.770304323879400177e-01
1.417862779624556868e-02
1.485650300694462134e-01
2.915727205936500255e-01
1.322580580799007866e+00
5.743758402226246673e+00
5.188638546393137263e-02
1.257517512062095166e-01
-3.085415365842241187e+00
-4.496155781470051949e+01
-6.283952397208861562e+00
0.000000000000000000e+00
0.000000000000000000e+00
0.000000000000000000e+00
0.000000000000000000e+00
1.000000000000000000e+00
1.000000000000000000e+00
1.000000000000000000e+00
1.000000000000000000e+00
1.000000000000000000e+00
1.000000000000000000e+00
1.000000000000000000e+00
