2.573474236536936188e-01
1.062108307704097143e-01
7.085905500316873606e-01
4.857948970433998426e-01
-1.869930574377779209e+00
9.239849323661125879e+00
2.423703127922859357e-01
1.868145079994394941e-01
-1.463379687942391705e+00
-1.713427163425582478e+01
-5.020720607904824107e+00
0.000000000000000000e+00
0.000000000000000000e+00
0.000000000000000000e+00
0.000000000000000000e+00
1.000000000000000000e+00
1.000000000000000000e+00
1.000000000000000000e+00
1.000000000000000000e+00
1.000000000000000000e+00
1.000000000000000000e+00
1.000000000000000000e+00
