2.597609340047837834e-01
3.531957688177743693e-01
5.024449112581462762e-01
7.200375661815350270e-02
1.686873484398907053e+00
6.244720769528798954e+00
1.210894949010674626e-01
2.176833571387580268e-01
-3.455439411617627687e+00
-2.644822113102183181e+01
-7.599258409309125106e+00
0.000000000000000000e+00
0.000000000000000000e+00
0.000000000000000000e+00
0.000000000000000000e+00
1.000000000000000000e+00
1.000000000000000000e+00
1.000000000000000000e+00
1.000000000000000000e+00
1.000000000000000000e+00
1.000000000000000000e+00
1.000000000000000000e+00
