5.802198227121575097e-02
-3.160934509655809188e-02
2.453480135927724182e-01
1.808149665501637693e-01
2.011780626599644073e-01
3.090429255239012907e+00
1.183601781319233714e-01
1.366124982685851599e-02
-9.940542701262961023e-01
-2.865165518164921821e+01
-1.471386926974763920e+00
-1.009159452668674983e-04
-4.921706466322926423e-06
-1.208452235594135726e-01
-1.096963709644915852e-02
8.685280159552247747e-01
2.270046857511966772e-03
2.042851155865995066e-03
2.463907639197213378e-03
7.884887575017766187e-03
2.472310479135394340e-02
2.059025456021611744e-01
