1.332310649441029726e-01
-2.123191752055578752e-01
8.802880249549556169e-01
1.512829545442071932e+00
6.678514133914910111e-01
7.709381576855789397e+00
2.793012349083739965e-01
3.450002933095508428e-02
1.486926864325344155e-02
-4.039191047763895881e+01
-8.220967066906379017e+00
0.000000000000000000e+00
0.000000000000000000e+00
0.000000000000000000e+00
0.000000000000000000e+00
1.000000000000000000e+00
1.000000000000000000e+00
1.000000000000000000e+00
1.000000000000000000e+00
1.000000000000000000e+00
1.000000000000000000e+00
1.000000000000000000e+00
