3.194423737031076294e-01
-1.623585909872528044e-01
8.573118867707341106e-02
1.273270294707260941e+00
-2.071348993316646236e-01
6.764862831797575637e+00
1.439387458003578146e-01
2.712205519662502784e-01
-4.002108053700632162e+00
-2.533230611604258442e+01
-8.654584252851694970e+00
0.000000000000000000e+00
0.000000000000000000e+00
0.000000000000000000e+00
0.000000000000000000e+00
1.000000000000000000e+00
1.000000000000000000e+00
1.000000000000000000e+00
1.000000000000000000e+00
1.000000000000000000e+00
1.000000000000000000e+00
1.000000000000000000e+00
