3.979743770064270159e-03
8.140434721847356059e-02
3.843732231925368614e-01
4.575401739978970372e-01
1.844079060395436898e+00
1.762272226133511088e+00
2.241848931763903985e-01
1.647487831866429331e-01
-2.494962637272527317e+00
-3.982848788262104733e+01
-9.080285916858592543e-01
0.000000000000000000e+00
0.000000000000000000e+00
0.000000000000000000e+00
0.000000000000000000e+00
1.000000000000000000e+00
1.000000000000000000e+00
1.000000000000000000e+00
1.000000000000000000e+00
1.000000000000000000e+00
1.000000000000000000e+00
1.000000000000000000e+00
