5.802198227121575791e-02
-3.160934509655816821e-02
2.453480135927722794e-01
1.808149665501636028e-01
2.011780626599645183e-01
3.090429255239014683e+00
1.183601781319233853e-01
1.366124982685832344e-02
-9.940542701262961023e-01
-2.865165518164920044e+01
-1.471386926974762810e+00
-1.009159452668693144e-04
-4.921706466323097524e-06
-1.208452235594136420e-01
-1.096963709644919495e-02
8.685280159552242196e-01
2.270046857511965038e-03
2.042851155865990729e-03
2.463907639197213811e-03
7.884887575017766187e-03
2.472310479135393646e-02
2.059025456021612577e-01
