2.773920163301651365e-01
-4.936804919011517079e-01
4.914930769219504336e-01
1.264467852617050525e+00
-1.817411586453350658e+00
7.230801942589891951e+00
2.074731898838100830e-01
3.653663434825855094e-01
-3.691254302909935614e+00
-2.325433989036238458e+01
-5.573244066201672453e+00
0.000000000000000000e+00
0.000000000000000000e+00
0.000000000000000000e+00
0.000000000000000000e+00
1.000000000000000000e+00
1.000000000000000000e+00
1.000000000000000000e+00
1.000000000000000000e+00
1.000000000000000000e+00
1.000000000000000000e+00
1.000000000000000000e+00
