1.190682833931162588e-01
-4.675147114073351373e-01
1.242675957434890011e-01
3.410962124833112341e-01
-8.391966910182646622e-01
8.230466995543396891e+00
3.996686791496412150e-01
5.326544460255150382e-02
3.970612042446752810e-02
-2.018252285763644949e+01
-1.771015481208406683e+00
0.000000000000000000e+00
0.000000000000000000e+00
0.000000000000000000e+00
0.000000000000000000e+00
1.000000000000000000e+00
1.000000000000000000e+00
1.000000000000000000e+00
1.000000000000000000e+00
1.000000000000000000e+00
1.000000000000000000e+00
1.000000000000000000e+00
