9.290179081720356669e-02
3.097726326286202037e-01
1.452821715626270160e-01
8.135725406618294908e-01
-1.076207993061577106e+00
6.742341393689132545e+00
2.306707001797478895e-01
2.386029620882780256e-01
-1.668961012495450369e+00
-4.598061327184510816e+01
-1.275650977427723376e+00
0.000000000000000000e+00
0.000000000000000000e+00
0.000000000000000000e+00
0.000000000000000000e+00
1.000000000000000000e+00
1.000000000000000000e+00
1.000000000000000000e+00
1.000000000000000000e+00
1.000000000000000000e+00
1.000000000000000000e+00
1.000000000000000000e+00
