5.802198227121575791e-02
-3.160934509655811270e-02
2.453480135927724182e-01
1.808149665501639636e-01
2.011780626599653787e-01
3.090429255239010686e+00
1.183601781319233437e-01
1.366124982685861314e-02
-9.940542701262957692e-01
-2.865165518164921821e+01
-1.471386926974763698e+00
-1.009159452668681624e-04
-4.921706466322958610e-06
-1.208452235594133922e-01
-1.096963709644882198e-02
8.685280159552253298e-01
2.270046857511965471e-03
2.042851155865993331e-03
2.463907639197213811e-03
7.884887575017766187e-03
2.472310479135395034e-02
2.059025456021612299e-01
