5.802198227121579954e-02
-3.160934509655779351e-02
2.453480135927718631e-01
1.808149665501636860e-01
2.011780626599661004e-01
3.090429255239012907e+00
1.183601781319233159e-01
1.366124982685844140e-02
-9.940542701262953251e-01
-2.865165518164915781e+01
-1.471386926974761034e+00
-1.009159452668641644e-04
-4.921706466322681631e-06
-1.208452235594132951e-01
-1.096963709644823218e-02
8.685280159552251078e-01
2.270046857511964604e-03
2.042851155865995066e-03
2.463907639197215112e-03
7.884887575017764452e-03
2.472310479135393299e-02
2.059025456021612577e-01
