5.802198227121573015e-02
-3.160934509655835556e-02
2.453480135927726957e-01
1.808149665501642966e-01
2.011780626599642408e-01
3.090429255239008022e+00
1.183601781319232327e-01
1.366124982685832170e-02
-9.940542701262946590e-01
-2.865165518164923597e+01
-1.471386926974763698e+00
-1.009159452668693144e-04
-4.921706466323022138e-06
-1.208452235594135171e-01
-1.096963709644885668e-02
8.685280159552248858e-01
2.270046857511962869e-03
2.042851155865988561e-03
2.463907639197212077e-03
7.884887575017766187e-03
2.472310479135395034e-02
2.059025456021613965e-01
