1.460211212095791078e-01
-1.420295373468367650e-01
7.642649739540514631e-01
1.127107208931359406e-01
6.625958599599646170e-01
1.289398216498293115e+00
8.063330092253090386e-02
2.230202224309259518e-01
-1.736197548186275696e-01
-4.554568978666220147e+01
-8.077339850074238825e+00
0.000000000000000000e+00
0.000000000000000000e+00
0.000000000000000000e+00
0.000000000000000000e+00
1.000000000000000000e+00
1.000000000000000000e+00
1.000000000000000000e+00
1.000000000000000000e+00
1.000000000000000000e+00
1.000000000000000000e+00
1.000000000000000000e+00
