5.802198227121578566e-02
-3.160934509655825148e-02
2.453480135927721684e-01
1.808149665501638526e-01
2.011780626599648236e-01
3.090429255239012019e+00
1.183601781319233437e-01
1.366124982685835119e-02
-9.940542701262957692e-01
-2.865165518164920044e+01
-1.471386926974763032e+00
-1.009159452668692195e-04
-4.921706466323123782e-06
-1.208452235594134894e-01
-1.096963709644761982e-02
8.685280159552251078e-01
2.270046857511965038e-03
2.042851155865991163e-03
2.463907639197213811e-03
7.884887575017766187e-03
2.472310479135389830e-02
2.059025456021610911e-01
