3.744551510681857209e-01
4.150048628722480260e-02
8.868755194169813949e-01
3.386504382769894850e-01
-1.969084759893244385e+00
4.342309304214552412e+00
2.176339213184005361e-01
2.957987880622798826e-01
-4.494949013767852719e+00
-2.133656680045016429e+01
-1.128880406639137135e+00
0.000000000000000000e+00
0.000000000000000000e+00
0.000000000000000000e+00
0.000000000000000000e+00
1.000000000000000000e+00
1.000000000000000000e+00
1.000000000000000000e+00
1.000000000000000000e+00
1.000000000000000000e+00
1.000000000000000000e+00
1.000000000000000000e+00
