1.242550637188649665e-01
-5.002457894920453452e-02
4.109408029965407883e-01
5.205993817737997187e-01
1.481582753387797879e+00
1.850399271619049824e+00
9.830712715022005277e-03
4.766260157518560359e-01
-9.172951716137642819e-01
-2.567059367247360768e+01
-3.497318013404591142e-01
0.000000000000000000e+00
0.000000000000000000e+00
0.000000000000000000e+00
0.000000000000000000e+00
1.000000000000000000e+00
1.000000000000000000e+00
1.000000000000000000e+00
1.000000000000000000e+00
1.000000000000000000e+00
1.000000000000000000e+00
1.000000000000000000e+00
