1.243779546785508949e-01
-3.369332168136435213e-01
7.836432556412277206e-01
1.617046777682957570e+00
5.025137112931834515e-01
6.041136332754239113e+00
4.428509515574567956e-01
3.795587339164915863e-01
-3.913369663152535871e+00
-4.249153419285805455e+01
-5.643206288560417505e+00
0.000000000000000000e+00
0.000000000000000000e+00
0.000000000000000000e+00
0.000000000000000000e+00
1.000000000000000000e+00
1.000000000000000000e+00
1.000000000000000000e+00
1.000000000000000000e+00
1.000000000000000000e+00
1.000000000000000000e+00
1.000000000000000000e+00
