4.652782777522987412e-01
-1.187972440703446431e-01
6.653470963848464592e-01
1.998309417411451738e+00
1.572893629159708873e+00
7.690789149732724539e+00
1.929213223530087951e-01
3.043329283925386153e-01
-3.426307107564748211e+00
-2.545164208915269199e+01
-7.448705285075209126e+00
0.000000000000000000e+00
0.000000000000000000e+00
0.000000000000000000e+00
0.000000000000000000e+00
1.000000000000000000e+00
1.000000000000000000e+00
1.000000000000000000e+00
1.000000000000000000e+00
1.000000000000000000e+00
1.000000000000000000e+00
1.000000000000000000e+00
