5.802198227121565383e-02
-3.160934509655825148e-02
2.453480135927734174e-01
1.808149665501639081e-01
2.011780626599642963e-01
3.090429255239012019e+00
1.183601781319232743e-01
1.366124982685843273e-02
-9.940542701262951031e-01
-2.865165518164922887e+01
-1.471386926974763698e+00
-1.009159452668687045e-04
-4.921706466323229661e-06
-1.208452235594136004e-01
-1.096963709644787829e-02
8.685280159552244417e-01
2.270046857511964604e-03
2.042851155865992464e-03
2.463907639197213811e-03
7.884887575017769656e-03
2.472310479135396422e-02
2.059025456021613409e-01
