5.270372874088058435e-02
2.101116884031362098e-01
5.629043346325962593e-01
1.512236957080814514e+00
-2.212571326313406139e-01
7.766890029733487744e+00
4.374306835247118719e-01
1.858776491041547185e-02
-2.107758390145071825e+00
-2.229817422504894964e+01
-2.595192917158609447e+00
0.000000000000000000e+00
0.000000000000000000e+00
0.000000000000000000e+00
0.000000000000000000e+00
1.000000000000000000e+00
1.000000000000000000e+00
1.000000000000000000e+00
1.000000000000000000e+00
1.000000000000000000e+00
1.000000000000000000e+00
1.000000000000000000e+00
