1.875285644366425641e-01
1.403046199226442026e-01
9.500165794051670387e-01
1.513544094041230359e-01
1.107718634872481900e+00
8.327457625618592374e+00
2.740287014120412756e-02
4.088386910876340985e-01
3.121087484366000808e-01
-1.388267445963771962e+01
-9.974439682766556459e+00
0.000000000000000000e+00
0.000000000000000000e+00
0.000000000000000000e+00
0.000000000000000000e+00
1.000000000000000000e+00
1.000000000000000000e+00
1.000000000000000000e+00
1.000000000000000000e+00
1.000000000000000000e+00
1.000000000000000000e+00
1.000000000000000000e+00
