5.802198227121575791e-02
-3.160934509655798780e-02
2.453480135927723071e-01
1.808149665501646020e-01
2.011780626599653510e-01
3.090429255239004469e+00
1.183601781319231772e-01
1.366124982685862528e-02
-9.940542701262943259e-01
-2.865165518164927505e+01
-1.471386926974764142e+00
-1.009159452668645439e-04
-4.921706466322867978e-06
-1.208452235594133506e-01
-1.096963709644861555e-02
8.685280159552248858e-01
2.270046857511962436e-03
2.042851155865995499e-03
2.463907639197213378e-03
7.884887575017766187e-03
2.472310479135393993e-02
2.059025456021614242e-01
