2.732853670991734485e-01
4.643073486393017868e-01
6.389329329068582641e-02
7.671511157133936720e-01
1.872099271123253583e+00
1.204329231318074234e+00
3.272448581340794971e-01
3.687945289943624916e-01
-1.378990508346572774e+00
-4.561439039588999123e+01
-6.430607117465392264e+00
0.000000000000000000e+00
0.000000000000000000e+00
0.000000000000000000e+00
0.000000000000000000e+00
1.000000000000000000e+00
1.000000000000000000e+00
1.000000000000000000e+00
1.000000000000000000e+00
1.000000000000000000e+00
1.000000000000000000e+00
1.000000000000000000e+00
