7.714378906563790217e-02
-3.663004392999340553e-01
3.626854661768875721e-01
1.358217750891262954e+00
-1.222199770664529339e+00
2.512103834869935604e+00
3.792081957678032911e-01
2.788092947811763866e-01
-1.911182492633983543e+00
-2.661000688394499747e+01
-9.128239963910418808e+00
0.000000000000000000e+00
0.000000000000000000e+00
0.000000000000000000e+00
0.000000000000000000e+00
1.000000000000000000e+00
1.000000000000000000e+00
1.000000000000000000e+00
1.000000000000000000e+00
1.000000000000000000e+00
1.000000000000000000e+00
1.000000000000000000e+00
