3.589170437401248970e-01
-4.521448674438044435e-01
9.444719775937772122e-01
1.372760079383885223e+00
3.248293367711805324e-01
1.426786160283044502e+00
4.729595904787383120e-01
1.699952933143680789e-01
-1.277387251004900470e+00
-2.735201777857083627e+01
-7.602325803991085706e+00
0.000000000000000000e+00
0.000000000000000000e+00
0.000000000000000000e+00
0.000000000000000000e+00
1.000000000000000000e+00
1.000000000000000000e+00
1.000000000000000000e+00
1.000000000000000000e+00
1.000000000000000000e+00
1.000000000000000000e+00
1.000000000000000000e+00
