5.802198227121577179e-02
-3.160934509655809188e-02
2.453480135927722239e-01
1.808149665501639358e-01
2.011780626599652955e-01
3.090429255239011130e+00
1.183601781319232882e-01
1.366124982685860273e-02
-9.940542701262953251e-01
-2.865165518164921465e+01
-1.471386926974763476e+00
-1.009159452668668749e-04
-4.921706466323583721e-06
-1.208452235594134339e-01
-1.096963709644951761e-02
8.685280159552251078e-01
2.270046857511964604e-03
2.042851155865992464e-03
2.463907639197212944e-03
7.884887575017767922e-03
2.472310479135392605e-02
2.059025456021612299e-01
