2.586489419232946285e-01
4.469626038148141189e-01
7.654597593969069136e-01
5.647916879342254060e-01
-1.115818546953389667e+00
6.862220852374668389e+00
8.356960155002812751e-02
1.962212332325153352e-01
-1.291685916483144680e+00
-2.940349525706270128e+01
-9.975351187991138957e+00
0.000000000000000000e+00
0.000000000000000000e+00
0.000000000000000000e+00
0.000000000000000000e+00
1.000000000000000000e+00
1.000000000000000000e+00
1.000000000000000000e+00
1.000000000000000000e+00
1.000000000000000000e+00
1.000000000000000000e+00
1.000000000000000000e+00
