2.075796553228377861e-01
-4.999239819522497408e-01
7.900239942010103267e-01
1.796958788279545027e+00
-1.259006104623892064e+00
6.938933441971447458e+00
4.258648599431802406e-02
1.750361878708880381e-01
-4.651994258557943240e+00
-9.920528620300629541e+00
-4.368094438630247822e-01
0.000000000000000000e+00
0.000000000000000000e+00
0.000000000000000000e+00
0.000000000000000000e+00
1.000000000000000000e+00
1.000000000000000000e+00
1.000000000000000000e+00
1.000000000000000000e+00
1.000000000000000000e+00
1.000000000000000000e+00
1.000000000000000000e+00
