5.802198227121568158e-02
-3.160934509655802943e-02
2.453480135927731121e-01
1.808149665501637970e-01
2.011780626599644628e-01
3.090429255239012463e+00
1.183601781319232882e-01
1.366124982685905029e-02
-9.940542701262955472e-01
-2.865165518164922531e+01
-1.471386926974763698e+00
-1.009159452668663057e-04
-4.921706466323423631e-06
-1.208452235594133645e-01
-1.096963709644803789e-02
8.685280159552253298e-01
2.270046857511965905e-03
2.042851155865993765e-03
2.463907639197214245e-03
7.884887575017766187e-03
2.472310479135396075e-02
2.059025456021612022e-01
