7.581598358757335454e-02
3.687452807413126310e-01
9.258837630482606995e-01
9.768263553012872524e-01
1.061971754116183497e+00
3.618224291453009389e+00
6.660235004643239032e-02
2.608470379988597765e-01
-6.736315192168405019e-01
-3.951052183507018611e+01
-6.528901211689754902e+00
0.000000000000000000e+00
0.000000000000000000e+00
0.000000000000000000e+00
0.000000000000000000e+00
1.000000000000000000e+00
1.000000000000000000e+00
1.000000000000000000e+00
1.000000000000000000e+00
1.000000000000000000e+00
1.000000000000000000e+00
1.000000000000000000e+00
