5.802198227121584811e-02
-3.160934509655798086e-02
2.453480135927715300e-01
1.808149665501640468e-01
2.011780626599659894e-01
3.090429255239009354e+00
1.183601781319233021e-01
1.366124982685860793e-02
-9.940542701262953251e-01
-2.865165518164917913e+01
-1.471386926974761256e+00
-1.009159452668638662e-04
-4.921706466322864590e-06
-1.208452235594132534e-01
-1.096963709644913250e-02
8.685280159552253298e-01
2.270046857511964170e-03
2.042851155866000270e-03
2.463907639197215112e-03
7.884887575017766187e-03
2.472310479135392258e-02
2.059025456021614797e-01
