4.367482145108753100e-02
-2.695229004482719848e-01
4.110610706389127289e-01
6.215653971201740013e-01
2.638235630460221692e-01
5.450637037838505172e+00
4.035497214151883560e-01
4.590775536417987523e-01
-1.867455482937937283e+00
-2.876563693058574600e+01
-9.281960454503622060e+00
0.000000000000000000e+00
0.000000000000000000e+00
0.000000000000000000e+00
0.000000000000000000e+00
1.000000000000000000e+00
1.000000000000000000e+00
1.000000000000000000e+00
1.000000000000000000e+00
1.000000000000000000e+00
1.000000000000000000e+00
1.000000000000000000e+00
