2.713493296911562713e-01
1.754822373441281558e-01
5.186111345894433011e-01
1.718851655881089791e+00
6.830373762391341863e-01
6.386657387931226282e+00
9.442271332427720765e-02
1.349633874942990919e-01
-8.198547491816672306e-01
-2.293796644352397607e+00
-4.405613310388094561e-01
0.000000000000000000e+00
0.000000000000000000e+00
0.000000000000000000e+00
0.000000000000000000e+00
1.000000000000000000e+00
1.000000000000000000e+00
1.000000000000000000e+00
1.000000000000000000e+00
1.000000000000000000e+00
1.000000000000000000e+00
1.000000000000000000e+00
