1.797610762765272097e-01
-2.049776115877928184e-01
8.993694513907412036e-01
1.041275033958913188e+00
-1.892808526015631987e+00
1.812020206653995880e+00
1.542468028079600484e-01
2.185358685270482049e-01
-4.704742674595647323e+00
-4.601392690675046282e+01
-7.668377897269179400e+00
0.000000000000000000e+00
0.000000000000000000e+00
0.000000000000000000e+00
0.000000000000000000e+00
1.000000000000000000e+00
1.000000000000000000e+00
1.000000000000000000e+00
1.000000000000000000e+00
1.000000000000000000e+00
1.000000000000000000e+00
1.000000000000000000e+00
