5.802198227121568852e-02
-3.160934509655809188e-02
2.453480135927730288e-01
1.808149665501640468e-01
2.011780626599642130e-01
3.090429255239010242e+00
1.183601781319232743e-01
1.366124982685881263e-02
-9.940542701262952141e-01
-2.865165518164923597e+01
-1.471386926974764142e+00
-1.009159452668655739e-04
-4.921706466323302506e-06
-1.208452235594135310e-01
-1.096963709644914638e-02
8.685280159552247747e-01
2.270046857511965038e-03
2.042851155865985525e-03
2.463907639197213811e-03
7.884887575017766187e-03
2.472310479135395728e-02
2.059025456021612299e-01
