5.802198227121572321e-02
-3.160934509655797392e-02
2.453480135927727235e-01
1.808149665501642411e-01
2.011780626599654342e-01
3.090429255239008022e+00
1.183601781319233298e-01
1.366124982685883171e-02
-9.940542701262958802e-01
-2.865165518164924663e+01
-1.471386926974764586e+00
-1.009159452668651537e-04
-4.921706466322402957e-06
-1.208452235594133090e-01
-1.096963709644930077e-02
8.685280159552256629e-01
2.270046857511966339e-03
2.042851155865992897e-03
2.463907639197213811e-03
7.884887575017766187e-03
2.472310479135394340e-02
2.059025456021614520e-01
