5.474993741670003411e-02
-4.577849854132830520e-01
5.996925849228003091e-01
5.997414101447162693e-01
1.186447127777227717e+00
3.661961250955502400e+00
4.403041718924056158e-01
1.489208166438216741e-01
-3.025380415920538191e+00
-2.156415420824167484e+01
-2.560725770750985397e+00
0.000000000000000000e+00
0.000000000000000000e+00
0.000000000000000000e+00
0.000000000000000000e+00
1.000000000000000000e+00
1.000000000000000000e+00
1.000000000000000000e+00
1.000000000000000000e+00
1.000000000000000000e+00
1.000000000000000000e+00
1.000000000000000000e+00
