5.802198227121572321e-02
-3.160934509655805025e-02
2.453480135927726680e-01
1.808149665501637138e-01
2.011780626599658506e-01
3.090429255239012907e+00
1.183601781319233714e-01
1.366124982685837548e-02
-9.940542701262959913e-01
-2.865165518164919689e+01
-1.471386926974763254e+00
-1.009159452668663193e-04
-4.921706466323383821e-06
-1.208452235594134339e-01
-1.096963709644906138e-02
8.685280159552248858e-01
2.270046857511965038e-03
2.042851155865991596e-03
2.463907639197213811e-03
7.884887575017766187e-03
2.472310479135393993e-02
2.059025456021611467e-01
