0.000000000000000000e+00 1.060320999999999998e+02 1.117974999999999941e-01 1.054090000000000027e-01 -3.440050000000000052e-03
5.000000000000000278e-02 1.061126332777462125e+02 1.160258507673296857e-01 1.051356514070062587e-01 -7.495375701875000261e-03
1.000000000000000056e-01 1.061954857707533790e+02 1.200442886670766707e-01 1.046593142316000064e-01 -1.155959329650000159e-02
1.500000000000000222e-01 1.062805705571166470e+02 1.238525467679703201e-01 1.039796190305450063e-01 -1.562819369980000123e-02
2.000000000000000111e-01 1.063678010968310161e+02 1.274506728363066499e-01 1.030964969662100106e-01 -1.969666782769999985e-02
2.500000000000000000e-01 1.064571769668871610e+02 1.308386515883745438e-01 1.020099533000700109e-01 -2.376507881789999971e-02
2.999999999999999889e-01 1.065486978579805992e+02 1.340164640610458369e-01 1.007199890844200085e-01 -2.783348980809999956e-02
3.499999999999999778e-01 1.066423623824287716e+02 1.369840929302086341e-01 9.922660431926000335e-02 -3.190190079829999942e-02
3.999999999999999667e-01 1.067381692505450843e+02 1.397415215846262437e-01 9.752979900459000928e-02 -3.597031178849999927e-02
4.499999999999999556e-01 1.068361336721584962e+02 1.422886891270474519e-01 9.562955852520167721e-02 -4.003959969119999518e-02
4.999999999999999445e-01 1.069362708963335251e+02 1.446254751773399794e-01 9.352580980505334485e-02 -4.411064141889999707e-02
5.499999999999999334e-01 1.070385634177491028e+02 1.467518208594933149e-01 9.121847976810334990e-02 -4.818256005909999501e-02
5.999999999999999778e-01 1.071429938322157369e+02 1.486677283532830407e-01 8.870755379914334326e-02 -5.225447869929999989e-02
6.500000000000000222e-01 1.072495365122505433e+02 1.503732546015802418e-01 8.599305392329230358e-02 -5.632507583236250059e-02
7.000000000000000666e-01 1.073581659226998966e+02 1.518685474989437123e-01 8.307509026614501302e-02 -6.039302995115000683e-02
7.500000000000001110e-01 1.074689059451455364e+02 1.531536607839567576e-01 7.995377295329625378e-02 -6.445966256280001583e-02
8.000000000000001554e-01 1.075817804313083030e+02 1.542285586796370289e-01 7.662912400986500450e-02 -6.852629517445002483e-02
8.500000000000001998e-01 1.076968307554037807e+02 1.550931106381014113e-01 7.310110574322896404e-02 -7.259518934343753283e-02
9.000000000000002442e-01 1.078140982271974195e+02 1.557470335681584994e-01 6.936952969027666838e-02 -7.666860662710003882e-02
9.500000000000002887e-01 1.079334894897881441e+02 1.561903547556736382e-01 6.543425225658625055e-02 -8.074159334672503796e-02
1.000000000000000222e+00 1.080549113132574064e+02 1.564234380052034745e-01 6.129546009298333931e-02 -8.480919582360002540e-02
1.050000000000000266e+00 1.081784634308507549e+02 1.564462619415846745e-01 5.695333263038062505e-02 -8.887680093121252956e-02
1.100000000000000311e+00 1.083042454114473969e+02 1.562584421275314550e-01 5.240769017479166014e-02 -9.294979554305003722e-02
1.150000000000000355e+00 1.084321732897747808e+02 1.558599389798503432e-01 4.765833733549623696e-02 -9.702373458965003750e-02
1.200000000000000400e+00 1.085621631402413669e+02 1.552510134283105192e-01 4.270537505973831527e-02 -1.010941730015500473e-01
1.250000000000000444e+00 1.086942465681750463e+02 1.544317469045565216e-01 3.754894925114268117e-02 -1.051628584653625520e-01
1.300000000000000488e+00 1.088284550767374412e+02 1.534021041710906530e-01 3.218908930089330045e-02 -1.092315386677000510e-01
1.350000000000000533e+00 1.089647863279337798e+02 1.521620881099821354e-01 2.662579648051329254e-02 -1.133001531016000485e-01
1.400000000000000577e+00 1.091032378956570312e+02 1.507117066517757731e-01 2.085907609532328469e-02 -1.173686412601000484e-01
1.450000000000000622e+00 1.092437988501828841e+02 1.490509940892092156e-01 1.488894296514452729e-02 -1.214364927801250549e-01
1.500000000000000666e+00 1.093864581559282101e+02 1.471800197280575540e-01 8.715445934003267572e-03 -1.255031972986000721e-01
1.550000000000000711e+00 1.095312224914576262e+02 1.450988215549007532e-01 2.338634956681591610e-03 -1.295691985332500795e-01
1.600000000000000755e+00 1.096780984068615368e+02 1.428074089792872592e-01 -4.241469593220083614e-03 -1.336349402018000843e-01
1.650000000000000799e+00 1.098270817381045106e+02 1.403058065344980621e-01 -1.102485270588280178e-02 -1.377003004134125796e-01
1.700000000000000844e+00 1.099781681756005582e+02 1.375940478739674233e-01 -1.801149124543176966e-02 -1.417651572772500868e-01
1.750000000000000888e+00 1.101312945653434099e+02 1.346723259886539459e-01 -2.520130580744011500e-02 -1.458262565710251035e-01
1.800000000000000933e+00 1.102863975591671704e+02 1.315410497732247275e-01 -3.259400003932846207e-02 -1.498803440724501002e-01
1.850000000000000977e+00 1.104436061075763433e+02 1.282002380498546146e-01 -4.018934021468514167e-02 -1.539344315738750968e-01
1.900000000000001021e+00 1.106030490520034562e+02 1.246494480845090624e-01 -4.798756005992182300e-02 -1.579955308676501136e-01
1.950000000000001066e+00 1.107645742929602903e+02 1.208887174487435628e-01 -5.598887770702287714e-02 -1.620556944957876055e-01
2.000000000000000888e+00 1.109280294199454318e+02 1.169186076161115584e-01 -6.419298145744015138e-02 -1.661069750003000833e-01
2.050000000000000711e+00 1.110935945723568921e+02 1.127391265138891763e-01 -7.259958980764595615e-02 -1.701591315404000770e-01
2.100000000000000533e+00 1.112614498365421696e+02 1.083496430328779597e-01 -8.120907186472675621e-02 -1.742219232753000613e-01
2.150000000000000355e+00 1.114314749496229808e+02 1.037499225549795567e-01 -9.002185616120610134e-02 -1.782891565720125526e-01
2.200000000000000178e+00 1.116035492988979172e+02 9.894013741940806128e-02 -9.903795832074169248e-02 -1.823546377975500399e-01
2.250000000000000000e+00 1.117777182049299824e+02 9.392028165610392942e-02 -1.082573345415541594e-01 -1.864209950586750153e-01
2.299999999999999822e+00 1.119540267888798297e+02 8.869017906043925870e-02 -1.176801162289816266e-01 -1.904908564621499989e-01
2.349999999999999645e+00 1.121323758883149253e+02 8.324988092308982512e-02 -1.273063952542236865e-01 -1.945592218528999773e-01
2.399999999999999467e+00 1.123126659467344410e+02 7.759976469145792033e-02 -1.371359301448082380e-01 -1.986210910758499648e-01
2.449999999999999289e+00 1.124949529898623268e+02 7.174004536263013654e-02 -1.471684502270769468e-01 -2.026797122148999430e-01
2.499999999999999112e+00 1.126792928238582618e+02 6.567072779332903953e-02 -1.574039013662981712e-01 -2.067383333539499213e-01
2.549999999999998934e+00 1.128657127306781689e+02 5.939177339792404281e-02 -1.678423127636581302e-01 -2.107987065641749036e-01
2.599999999999998757e+00 1.130542397213672672e+02 5.290303146599183159e-02 -1.784838304250880858e-01 -2.148625839167498941e-01
2.649999999999998579e+00 1.132448340516116474e+02 4.620441863556478540e-02 -1.893286003565192999e-01 -2.189282133404998887e-01
2.699999999999998401e+00 1.134374556004857766e+02 3.929596577461851037e-02 -2.003766517591379914e-01 -2.229938427642498833e-01
2.749999999999998224e+00 1.136320970486314366e+02 3.217770200287319721e-02 -2.116279845598681431e-01 -2.270594678034373592e-01
2.799999999999998046e+00 1.138287507227226314e+02 2.484965759362450094e-02 -2.230825983933295564e-01 -2.311250840734998535e-01
2.849999999999997868e+00 1.140274087525673821e+02 1.731186353012445500e-02 -2.347404928941420055e-01 -2.351906959589998292e-01
2.899999999999997691e+00 1.142280628948328172e+02 9.564351308937443785e-03 -2.466016679892294450e-01 -2.392563078444998048e-01
2.949999999999997513e+00 1.144306495607758762e+02 1.607229052098275296e-03 -2.586660756530173022e-01 -2.433190381955247783e-01
2.999999999999997335e+00 1.146351047217413424e+02 -6.559210317950725858e-03 -2.709334757576326580e-01 -2.473760054775997752e-01
3.000000000000000000e+00 1.146351047217413566e+02 -6.559210317951166477e-03 -2.709334757576333241e-01 -2.473760054775999973e-01
