0.000000000000000000e+00 1.047127002358368344e+02 1.042419508888253327e-01 8.837573051258536261e-02 -3.440050000000000052e-03
1.000000000000000056e-01 1.046983073488517419e+02 1.047162172603773034e-01 9.021412633319270125e-02 -4.128940000000000214e-03
2.000000000000000111e-01 1.046843316709653067e+02 1.051460936270718627e-01 9.204336968582935152e-02 -5.334509999999999773e-03
3.000000000000000444e-01 1.046704402484414089e+02 1.054936534820291316e-01 9.383486794427926825e-02 -5.678960000000000258e-03
4.000000000000000222e-01 1.046566604158786191e+02 1.057465084324520771e-01 9.476300323052354313e-02 -5.334509999999999773e-03
5.000000000000000000e-01 1.046430983291204200e+02 1.059446925919006466e-01 9.462969385780531373e-02 -6.388650199853995390e-03
6.000000000000000888e-01 1.046298110554791663e+02 1.060834473580834353e-01 9.443033877746975779e-02 -7.404599686193874715e-03
7.000000000000000666e-01 1.046167058375653198e+02 1.061612732072582943e-01 9.416898897429878956e-02 -8.186114691443271973e-03
8.000000000000000444e-01 1.046038653472164981e+02 1.061816969294252233e-01 9.385134682572454645e-02 -8.712004195065828696e-03
9.000000000000000222e-01 1.045916462016332957e+02 1.061476054055343898e-01 9.348223952031772810e-02 -9.012458358192258073e-03
1.000000000000000000e+00 1.045799357445663702e+02 1.060615360211445701e-01 9.306566291474593910e-02 -9.104256490184132675e-03
1.100000000000000089e+00 1.045688597433809974e+02 1.059252243006007371e-01 9.260535962649781017e-02 -9.026363527943344345e-03
1.200000000000000178e+00 1.045585805186332635e+02 1.057383237023790945e-01 9.210578166173240267e-02 -1.119012999999999952e-02
1.300000000000000044e+00 1.045489775428763721e+02 1.055049352813212105e-01 9.157309961725061676e-02 -9.123440000000000022e-03
1.400000000000000133e+00 1.045402477473592171e+02 1.052453434503522189e-01 9.101282795844414797e-02 -7.660429020917125520e-03
1.500000000000000000e+00 1.045324058312637447e+02 1.049662355859469764e-01 9.042935169828122954e-02 -7.398072439996935049e-03
1.600000000000000089e+00 1.045254897943140548e+02 1.046622215606716477e-01 8.982883604228467100e-02 -7.801316077587232625e-03
1.700000000000000178e+00 1.045195466695683990e+02 1.043538989753940854e-01 8.921812484230334794e-02 -8.087561018898934556e-03
1.800000000000000044e+00 1.045143244547084720e+02 1.040640466748228715e-01 8.860404079188366477e-02 -8.282307343492957205e-03
1.900000000000000133e+00 1.045100877865921234e+02 1.038049132254548618e-01 8.799394063734149174e-02 -8.333351200618418705e-03
2.000000000000000000e+00 1.045067294681233392e+02 1.035826645295192111e-01 8.739300389920037770e-02 -8.272145570238481280e-03
2.100000000000000089e+00 1.045043386090922297e+02 1.033986091406486063e-01 8.680502443751499098e-02 -8.087340649197761674e-03
2.200000000000000178e+00 1.045031284050876366e+02 1.032538848872349285e-01 8.623323034138555276e-02 -7.806364098313980752e-03
2.300000000000000266e+00 1.045027695853412553e+02 1.031489180579552994e-01 8.568047985968495206e-02 -8.265176719611857029e-03
2.400000000000000355e+00 1.045030201132728820e+02 1.030850013970290302e-01 8.515086823281914352e-02 -8.741608847132563420e-03
2.500000000000000000e+00 1.045036823446641989e+02 1.030626145796337961e-01 8.464890586931997363e-02 -9.066056906438735991e-03
2.600000000000000089e+00 1.045050672094782698e+02 1.030781420773166090e-01 8.417759014406095419e-02 -9.263177287072755367e-03
2.700000000000000178e+00 1.045071124632898005e+02 1.031265645062835745e-01 8.371640574651592615e-02 -9.339262382064375881e-03
2.800000000000000266e+00 1.045096309138707511e+02 1.032027427988625873e-01 8.328456132949699220e-02 -9.294879235866552666e-03
2.900000000000000355e+00 1.045125763088502424e+02 1.031664854551478661e-01 8.288652487491657284e-02 -9.138805007593377161e-03
3.000000000000000000e+00 1.045156979446908849e+02 1.026917000000000108e-01 8.252212884400941806e-02 -8.910603246743691030e-03
3.100000000000000089e+00 1.045190432076721123e+02 1.014851999999999838e-01 8.219123956213050808e-02 -8.582612017127504156e-03
3.200000000000000178e+00 1.045229504386837505e+02 1.010140999999999956e-01 8.189581736978444881e-02 -8.142991884389917667e-03
3.300000000000000266e+00 1.045272135799308160e+02 9.965830000000000521e-02 8.163707877628816056e-02 -7.634498798984396851e-03
3.400000000000000355e+00 1.045318970494471387e+02 9.983039999999999969e-02 8.141448539888529456e-02 -7.072851498524919053e-03
3.500000000000000000e+00 1.045368890015299002e+02 9.973780000000000145e-02 8.122776624020452974e-02 -6.453731707703376681e-03
3.600000000000000089e+00 1.045419168999775792e+02 1.016796999999999979e-01 8.108050301955710415e-02 -5.712848116964843598e-03
3.700000000000000178e+00 1.045474916184537051e+02 1.035522999999999999e-01 8.097577758643452472e-02 -5.644957660236940566e-03
3.800000000000000266e+00 1.045535580678144072e+02 1.037659823365371381e-01 8.091024747045476306e-02 -5.695165541188333160e-03
3.900000000000000355e+00 1.045600004404461316e+02 1.039798135831158099e-01 8.088031787903898762e-02 -5.657982552590752438e-03
4.000000000000000000e+00 1.045666438120569097e+02 1.042136692325058983e-01 8.088432298753410465e-02 -5.573408557087312226e-03
4.100000000000000533e+00 1.045735644162197389e+02 1.044627812817779944e-01 8.091853186540573506e-02 -5.518551274014077933e-03
4.200000000000000178e+00 1.045810893896329503e+02 1.047224483656284955e-01 8.097945178533011434e-02 -5.374430062231622986e-03
4.299999999999999822e+00 1.045891784596431222e+02 1.048283653045324337e-01 8.106463942521685562e-02 -5.191238497751814521e-03
4.400000000000000355e+00 1.045977462750548455e+02 1.048488389805779242e-01 8.116938936004876315e-02 -5.063690883859986100e-03
4.500000000000000000e+00 1.046065877651019207e+02 1.047995512154016595e-01 8.127486834805609794e-02 -5.672648896431918900e-03
4.600000000000000533e+00 1.046161205513463699e+02 1.045725246691350946e-01 8.133832727552461894e-02 -9.348072516179299629e-03
4.700000000000000178e+00 1.046269494625631609e+02 1.040905786924842535e-01 8.132115115437786590e-02 -1.387409595708797433e-02
4.800000000000000711e+00 1.046392776092716446e+02 1.033630761856093316e-01 8.121001859713387894e-02 -1.876798000000000008e-02
4.900000000000000355e+00 1.046531830073400471e+02 1.024381656599889501e-01 7.974461658142391329e-02 -2.393469999999999973e-02
5.000000000000000000e+00 1.046687670446915632e+02 1.013691155057896143e-01 7.756851870836224683e-02 -2.720695999999999878e-02
5.100000000000000533e+00 1.046864055595254399e+02 1.002038290842126311e-01 7.521362606549683583e-02 -2.910141999999999937e-02
5.200000000000000178e+00 1.047066515429957576e+02 9.899245164626717386e-02 7.275111139235904134e-02 -3.116811000000000234e-02
5.300000000000000711e+00 1.047294627360183057e+02 9.753299122943567823e-02 7.024049905501791868e-02 -3.151256000000000196e-02
5.400000000000000355e+00 1.047545861579678643e+02 9.597359034155673874e-02 6.773949173566322368e-02 -3.375146999999999869e-02
5.500000000000000000e+00 1.047822391500811534e+02 9.455918109176641995e-02 6.530364958442944068e-02 -3.495704000000000172e-02
5.600000000000000533e+00 1.048125140116661100e+02 9.331215710691267984e-02 6.296395436287459402e-02 -3.289034999999999875e-02
5.700000000000000178e+00 1.048452840631349119e+02 9.223871894477156386e-02 6.073587068926098592e-02 -3.047920999999999964e-02
5.800000000000000711e+00 1.048802569320793765e+02 9.134494929344572078e-02 5.863481521566884375e-02 -2.737917999999999949e-02
5.900000000000000355e+00 1.049173718981039940e+02 9.063579302116372971e-02 5.667567563978158363e-02 -2.531248999999999999e-02
6.000000000000000000e+00 1.049564865864797127e+02 8.969839999999999758e-02 5.486999536431839269e-02 -2.238468999999999876e-02
6.100000000000000533e+00 1.049972354212991661e+02 8.904549999999999965e-02 5.322470958931040108e-02 -1.889449691994361455e-02
6.200000000000000178e+00 1.050396349420121567e+02 8.960846359215414447e-02 5.174224941073890527e-02 -1.740558429354177247e-02
6.300000000000000711e+00 1.050835630543741814e+02 8.938740000000000574e-02 5.041172280777193176e-02 -1.624611927389208593e-02
6.400000000000000355e+00 1.051288388886132878e+02 8.878840000000000343e-02 4.920701564829822044e-02 -1.589260501416219981e-02
6.500000000000000000e+00 1.051755278655903254e+02 8.802569999999999839e-02 4.810461884071210586e-02 -1.588104894059516950e-02
6.600000000000000533e+00 1.052233493025472200e+02 8.811149999999999538e-02 4.708691320626870458e-02 -1.580053866453515893e-02
6.700000000000000178e+00 1.052720750237320999e+02 8.805999999999999939e-02 4.613647647723372741e-02 -1.564994904349549867e-02
6.800000000000000711e+00 1.053216315905652465e+02 8.810619999999999563e-02 4.522966980778303503e-02 -1.546447020682123301e-02
6.900000000000000355e+00 1.053719433589350984e+02 8.774940000000000517e-02 4.434456325412160921e-02 -1.522011087846875110e-02
7.000000000000000000e+00 1.054206731774025059e+02 8.798292273142555020e-02 4.348233891164658693e-02 -1.484935419981881811e-02
7.100000000000000533e+00 1.054606207416097590e+02 8.779206693491327373e-02 4.264419692542963103e-02 -1.442992431730898487e-02
7.200000000000000178e+00 1.055017751265428103e+02 8.756039080452394929e-02 4.181212997660087305e-02 -1.400177570766556953e-02
7.300000000000000711e+00 1.055439437912786502e+02 8.730963645910470861e-02 4.098375253981324795e-02 -1.348540172491910147e-02
7.400000000000000355e+00 1.055869395313038268e+02 8.708123675918592876e-02 4.016287424329918060e-02 -1.293713852855066238e-02
7.500000000000000000e+00 1.056307178156270936e+02 8.686833278191022356e-02 3.932712336198885411e-02 -1.248539096360789385e-02
7.600000000000000533e+00 1.056755256453199365e+02 8.672181703858988788e-02 3.854882477467569402e-02 -1.150759235442423874e-02
7.700000000000000178e+00 1.057209940985539021e+02 8.673148426652640963e-02 3.810659660214864991e-02 -9.773080307928363325e-03
7.800000000000000711e+00 1.057667933759173167e+02 8.694266916313073135e-02 3.831965991135069527e-02 -7.317468596039739849e-03
7.900000000000000355e+00 1.058126938654388738e+02 8.740281131258430258e-02 3.932005021648345838e-02 -4.604197838358920457e-03
8.000000000000000000e+00 1.058584159716990030e+02 8.815113619469383544e-02 4.103428444566808997e-02 -1.937159668756310458e-03
8.099999999999999645e+00 1.059038291695346459e+02 8.916482908641776284e-02 4.331306245611447892e-02 6.581661435961043676e-04
8.200000000000001066e+00 1.059486120403522449e+02 9.037726547612146000e-02 4.601474375735856159e-02 3.179074892209162069e-03
8.300000000000000711e+00 1.059924732944692494e+02 9.165465348711451798e-02 4.900158035681223545e-02 5.577236137226590507e-03
8.400000000000000355e+00 1.060350561675326162e+02 9.285791678825787432e-02 5.168545223424587942e-02 7.859743675591588513e-03
8.500000000000000000e+00 1.060760197134017631e+02 9.419089202270738981e-02 5.274152687461221983e-02 1.007515369513604410e-02
8.599999999999999645e+00 1.061151974767236368e+02 9.564581517532722010e-02 5.402823269221381647e-02 1.215459083891234915e-02
8.700000000000001066e+00 1.061525722705277275e+02 9.719579679937452588e-02 5.552822364786217518e-02 1.299701880351377369e-02
8.800000000000000711e+00 1.061881999305719830e+02 9.855053063223850884e-02 5.721884016796370542e-02 1.356868598383988503e-02
8.900000000000000355e+00 1.062218316801876767e+02 9.985482714719795538e-02 5.907784348022880605e-02 1.390061637826442258e-02
9.000000000000000000e+00 1.062534413407593803e+02 1.010396229068950269e-01 6.108618952272467512e-02 1.205699670834708276e-02
9.099999999999999645e+00 1.062833299801065436e+02 1.020892187991257333e-01 6.322446955561697446e-02 9.824656229678770114e-03
9.200000000000001066e+00 1.063115427414684149e+02 1.030182968015325856e-01 6.546855276797136636e-02 7.348573329573722217e-03
9.300000000000000711e+00 1.063380011036775841e+02 1.038467750045238419e-01 6.779458176870532815e-02 4.826427946753477152e-03
9.400000000000000355e+00 1.063632621946818091e+02 1.046078892203831101e-01 7.018104300499024284e-02 2.353413557307186023e-03
9.500000000000000000e+00 1.063870838544060007e+02 1.053335453650185716e-01 7.213989126649489325e-02 6.056760690789080324e-05
9.600000000000001421e+00 1.064097390347327234e+02 1.060312672372048654e-01 7.375971405551699778e-02 -1.958977473088817454e-03
9.700000000000001066e+00 1.064317534000950474e+02 1.066368896160229118e-01 7.529517690044514044e-02 -4.625528620500602567e-03
9.800000000000000711e+00 1.064527045583949416e+02 1.070587842639411785e-01 7.664215925469634871e-02 -8.915319832897517990e-03
9.900000000000000355e+00 1.064732034980609967e+02 1.071912788416029272e-01 7.588056938372685079e-02 -1.534858950094251245e-02
1.000000000000000000e+01 1.064936340032003557e+02 1.070092154006412055e-01 7.391964139836945669e-02 -2.413044847715638264e-02
1.010000000000000142e+01 1.065147263932538522e+02 1.065527984371162640e-01 7.117258155439123990e-02 -3.109751935268873640e-02
1.020000000000000107e+01 1.065370677401571697e+02 1.046317268893810493e-01 6.783505928276881147e-02 -3.623574240853329881e-02
1.030000000000000071e+01 1.065604019805991669e+02 1.018626916099958368e-01 6.409498873986978207e-02 -3.960703368416206710e-02
1.040000000000000036e+01 1.065852799877884536e+02 9.914455457154547346e-02 6.012837265746738546e-02 -4.153212000901131129e-02
1.050000000000000000e+01 1.066123133045465039e+02 9.657866576375141732e-02 5.609181094265749262e-02 -4.205791973564429465e-02
1.060000000000000142e+01 1.066415752275110975e+02 9.425225090132119399e-02 5.211332403318368056e-02 -4.170484791070457747e-02
1.070000000000000107e+01 1.066730857799619514e+02 9.224017947715455745e-02 4.829927076384464557e-02 -4.085041291402339431e-02
1.080000000000000071e+01 1.067070280559661200e+02 9.064221584540786691e-02 4.481926128551298738e-02 -3.782882126972671177e-02
1.090000000000000036e+01 1.067435974272303127e+02 8.962769175012767764e-02 4.200502445431378296e-02 -3.124142156661185651e-02
1.100000000000000000e+01 1.067824960891860826e+02 8.888536095420770944e-02 4.021013082867108679e-02 -2.616976587720628439e-02
1.110000000000000142e+01 1.068229199031616758e+02 8.858792255232869617e-02 3.956698837250402501e-02 -2.405743235123209908e-02
1.120000000000000107e+01 1.068566113086253182e+02 8.925503984386526368e-02 3.999038468214840408e-02 -2.190849937471299122e-02
1.130000000000000071e+01 1.068794460767470440e+02 9.077645516745806720e-02 4.132976993120480308e-02 -1.942868630934153212e-02
1.140000000000000036e+01 1.069006683268526245e+02 9.303717370318836943e-02 4.344207286192108830e-02 -1.660787518925916847e-02
1.150000000000000000e+01 1.069241109095229803e+02 9.528259476090017444e-02 4.617755510902532556e-02 -1.394204581591891416e-02
1.160000000000000142e+01 1.069496126295885716e+02 9.535890215474934761e-02 4.936945805740675791e-02 -1.237863045690139156e-02
1.170000000000000107e+01 1.069767495112793085e+02 9.580658449687964873e-02 5.285515176516215885e-02 -1.068526200096780836e-02
1.180000000000000071e+01 1.070052708933926056e+02 9.657127102889047354e-02 5.639726773689841821e-02 -9.250415352631553845e-03
1.190000000000000036e+01 1.070350120776735849e+02 9.755950001371996305e-02 5.966260800552577320e-02 -8.234751563705833971e-03
1.200000000000000000e+01 1.070655275721783255e+02 9.853371640657335173e-02 6.034429057359515930e-02 -7.269695858239495594e-03
1.210000000000000142e+01 1.070967941982733294e+02 9.938945804055751565e-02 6.043709381173436451e-02 -6.303136675393692344e-03
1.220000000000000107e+01 1.071289369048348448e+02 1.003647771166297220e-01 6.071352884464544658e-02 -5.343761922423570510e-03
1.230000000000000071e+01 1.071613996368877935e+02 1.011179916777790178e-01 6.116093276845883941e-02 -4.977419464561566587e-03
1.240000000000000036e+01 1.071943758794469090e+02 1.012289859663852154e-01 6.176444673750025594e-02 -4.688884908288101783e-03
1.250000000000000000e+01 1.072277993723377421e+02 1.014180147244150981e-01 6.250338023853366232e-02 -4.403312218210516868e-03
1.260000000000000142e+01 1.072610722567345078e+02 1.016780678432869650e-01 6.335796308188758330e-02 -4.645609999999999670e-03
1.270000000000000107e+01 1.072941995114092322e+02 1.020039017131600528e-01 6.431114003460554340e-02 -7.401200000000000140e-03
1.280000000000000071e+01 1.073271613186071107e+02 1.023895674468401767e-01 6.520253576804620199e-02 -9.381219394515706231e-03
1.290000000000000036e+01 1.073597180473570489e+02 1.028277201116573475e-01 6.526450747019429954e-02 -1.118710095641151613e-02
1.300000000000000000e+01 1.073915718898057747e+02 1.033116689916328407e-01 6.427640332961474801e-02 -1.294231279449654069e-02
1.310000000000000142e+01 1.074228432774236097e+02 1.031974221700788369e-01 6.314891458541455060e-02 -1.422504589702309856e-02
1.320000000000000107e+01 1.074537543109194360e+02 1.026650813562711428e-01 6.205497923776229913e-02 -1.652075064651571321e-02
1.330000000000000071e+01 1.074841888766412126e+02 1.023766243163799217e-01 6.102703593550910799e-02 -1.966017328346562898e-02
1.340000000000000036e+01 1.075138153926728535e+02 1.023316265649771434e-01 6.009018630185147813e-02 -2.207511384431287346e-02
1.350000000000000000e+01 1.075425116953387459e+02 1.025260826172288836e-01 5.927854666926133526e-02 -2.366179924579454516e-02
1.360000000000000142e+01 1.075705100203673226e+02 1.029416655693018712e-01 5.861366911753845832e-02 -2.451645750947618191e-02
1.370000000000000107e+01 1.075977773929091370e+02 1.023682937474061083e-01 5.809151334240708620e-02 -2.471863737312367595e-02
1.380000000000000071e+01 1.076243015747478466e+02 1.003728874648477654e-01 5.770706549018188303e-02 -2.418638938959869616e-02
1.390000000000000036e+01 1.076499467140094453e+02 9.834453814740957978e-02 5.745065499712220802e-02 -2.307284447868316463e-02
1.400000000000000000e+01 1.076695448147636256e+02 9.661433888758694244e-02 5.730796885620034059e-02 -2.132526424086605282e-02
1.410000000000000142e+01 1.076798279505445635e+02 9.522184461707133840e-02 5.727890907439901064e-02 -1.896325879355797300e-02
1.420000000000000107e+01 1.076899328691045952e+02 9.419249930742286392e-02 5.735751404057809477e-02 -1.617567034420688138e-02
1.430000000000000071e+01 1.076998416337857805e+02 9.353612738226751988e-02 5.752477562220557894e-02 -1.307123638221130077e-02
1.440000000000000036e+01 1.077094692804841713e+02 9.325327304493480352e-02 5.776225437994834955e-02 -9.713888150503216176e-03
1.450000000000000000e+01 1.077192770150289931e+02 9.333243746238366334e-02 5.804926682256764808e-02 -8.085474902505379938e-03
1.460000000000000142e+01 1.077292991915417701e+02 9.375200584607557008e-02 5.836361963470908243e-02 -7.826069728431738273e-03
1.470000000000000107e+01 1.077396844992763079e+02 9.448789732573834033e-02 5.869719743051120264e-02 -7.343335858748411236e-03
1.480000000000000071e+01 1.077505812955059810e+02 9.551062621843027511e-02 5.904747443809532648e-02 -6.688785449891133071e-03
1.490000000000000036e+01 1.077619894625938457e+02 9.678245885510214364e-02 5.940805219468944104e-02 -5.917260231695935582e-03
1.500000000000000000e+01 1.077738294208613752e+02 9.826361398792368695e-02 5.977900662211572957e-02 -6.089139292135087311e-03
1.510000000000000142e+01 1.077863937576249356e+02 9.990961589683990118e-02 6.016070912731371484e-02 -6.107824956091667187e-03
1.520000000000000107e+01 1.078000843731878575e+02 1.016663329175497427e-01 6.054089559952283844e-02 -6.038665421776226276e-03
1.530000000000000071e+01 1.078148942404466339e+02 1.026146098863556511e-01 6.091330362880963134e-02 -6.036697855456071155e-03
1.540000000000000036e+01 1.078307322128157182e+02 1.026967736230934014e-01 6.128297876604438255e-02 -6.336419126960999258e-03
1.550000000000000000e+01 1.078475072225985514e+02 1.028799398079208310e-01 6.164873794514850319e-02 -6.524207241347993423e-03
1.560000000000000142e+01 1.078653726567126512e+02 1.031512494854614354e-01 6.199849167951326789e-02 -6.641710682366197722e-03
1.570000000000000107e+01 1.078846376177750415e+02 1.034761059888608531e-01 6.230740383294521706e-02 -6.740058211802802887e-03
1.580000000000000071e+01 1.079051963020077665e+02 1.031662513387775898e-01 6.255922337209499084e-02 -6.762583574069382271e-03
1.590000000000000036e+01 1.079264837051028252e+02 1.029261021136078230e-01 6.276187393600339559e-02 -6.651024860340756274e-03
1.600000000000000000e+01 1.079485775322998933e+02 1.027575191569039814e-01 6.292536543789252479e-02 -6.448256095267544154e-03
1.610000000000000142e+01 1.079716415511521319e+02 1.024707207768477124e-01 6.304530167631468285e-02 -6.203560819034542768e-03
1.619999999999999929e+01 1.079934001381173942e+02 1.020381804141060889e-01 6.311630885472424568e-02 -5.903220779519589324e-03
1.630000000000000071e+01 1.080131999580377027e+02 1.017265306358124538e-01 6.314928357839778850e-02 -5.505351893708896292e-03
1.640000000000000213e+01 1.080337662028647117e+02 1.015489556895181888e-01 6.316462412336351639e-02 -5.091643060170107475e-03
1.650000000000000000e+01 1.080552542125634830e+02 1.015118734566344133e-01 6.318045057269723597e-02 -4.919511914726718525e-03
1.660000000000000142e+01 1.080775586402377115e+02 1.016135982820401268e-01 6.320771992664682426e-02 -4.693938131825669234e-03
1.669999999999999929e+01 1.081004155605419470e+02 1.018425604011580915e-01 6.324464537093714422e-02 -4.433765940135041966e-03
1.680000000000000071e+01 1.081239075240396801e+02 1.021809475326688477e-01 6.328463407205885127e-02 -4.142006267042838523e-03
1.690000000000000213e+01 1.081481165572373442e+02 1.026145460845580837e-01 6.333480167782487569e-02 -4.647243257561794495e-03
1.700000000000000000e+01 1.081725132939046006e+02 1.026993620058350709e-01 6.341809418382102215e-02 -6.138719311328610408e-03
1.710000000000000142e+01 1.081973468820120559e+02 1.027914577018052833e-01 6.354706759882150502e-02 -7.360530587738862464e-03
1.719999999999999929e+01 1.082230046252414155e+02 1.029418540227284851e-01 6.371301495793162128e-02 -8.364808768389362173e-03
1.730000000000000071e+01 1.082489484877538786e+02 1.031438091766216925e-01 6.390690972411534887e-02 -9.069987701453693582e-03
1.740000000000000213e+01 1.082749681548231280e+02 1.032372236184947722e-01 6.412829228863881070e-02 -9.442662732038959936e-03
1.750000000000000000e+01 1.083011226506000355e+02 1.032318221859917784e-01 6.437825357568993656e-02 -9.495253837607185374e-03
1.760000000000000142e+01 1.083271271458517049e+02 1.031352220396552638e-01 6.465478628548555762e-02 -9.252797719867101797e-03
1.769999999999999929e+01 1.083530970320681490e+02 1.021815374093238277e-01 6.494841958433475448e-02 -8.790655542650870069e-03
1.780000000000000071e+01 1.083791613923716426e+02 1.013492432741023713e-01 6.524937537658234699e-02 -8.097961769460025952e-03
1.790000000000000213e+01 1.084050491738171615e+02 1.006543744123542805e-01 6.555827955033499688e-02 -7.147081844980844416e-03
1.800000000000000000e+01 1.084303590121530476e+02 1.001092120697751470e-01 6.587467101075168696e-02 -6.022220738195095333e-03
1.810000000000000142e+01 1.084551907823903889e+02 9.971816265059438300e-02 6.619154436502180938e-02 -4.768178326483952373e-03
1.819999999999999929e+01 1.084798165547076820e+02 9.948230127635475373e-02 6.650632099258675656e-02 -3.394411032191991650e-03
1.830000000000000071e+01 1.085040161987982970e+02 9.939910166508986178e-02 6.681660311019482767e-02 -1.976049368247554099e-03
1.840000000000000213e+01 1.085276086917334055e+02 9.946104587357898486e-02 6.711670211563640354e-02 -5.432936609874808179e-04
1.850000000000000000e+01 1.085507188921170751e+02 9.966356800772332991e-02 6.741603888047782711e-02 -2.415969332209920830e-04
1.860000000000000142e+01 1.085734404310665298e+02 1.000001152290228845e-01 6.772714434403462325e-02 -2.298786319130376675e-04
1.869999999999999929e+01 1.085955734449544536e+02 1.004516398965209778e-01 6.803999068670837924e-02 -4.425771113825194064e-04
1.880000000000000071e+01 1.086170956431628838e+02 1.009965705038857464e-01 6.834381931135347088e-02 -1.018201988167589901e-03
1.890000000000000213e+01 1.085449000000000126e+02 1.016163506463176047e-01 6.863861394627496226e-02 -1.462240414223913050e-03
1.900000000000000000e+01 1.085002999999999957e+02 1.022928451507696679e-01 6.892539517769648294e-02 -1.748428075202814900e-03
1.910000000000000142e+01 1.085002000000000066e+02 1.030096779766907777e-01 6.921071453361468673e-02 -1.830436252546004030e-03
1.920000000000000284e+01 1.085443000000000069e+02 1.037492542252987232e-01 6.950145133409971199e-02 -1.762534124464457033e-03
1.930000000000000071e+01 1.085441000000000145e+02 1.044900715679820680e-01 6.979358298296955976e-02 -1.616656024161522128e-03
1.940000000000000213e+01 1.085439000000000078e+02 1.048091520005493688e-01 7.007033998503035821e-02 -1.468626480381177548e-03
1.950000000000000000e+01 1.085000000000000000e+02 1.046904066776838532e-01 7.032039205360035572e-02 -1.220383234710543984e-03
1.960000000000000142e+01 1.085002000000000066e+02 1.043879814804297562e-01 7.055650341087676969e-02 -7.501962807529553466e-04
1.970000000000000284e+01 1.085444999999999993e+02 1.041373421491003093e-01 7.078949046166010950e-02 -2.328050792644783271e-04
1.980000000000000071e+01 1.083687000000000040e+02 1.039386958067294725e-01 7.101539279711616137e-02 3.034658506012520812e-04
1.990000000000000213e+01 1.085449000000000126e+02 1.037970072255091913e-01 7.123924862819405734e-02 2.979998312433710284e-04
2.000000000000000000e+01 1.085012000000000114e+02 1.037189105169381148e-01 7.147247387464064627e-02 2.461196242453848686e-04
2.010000000000000142e+01 1.085013000000000005e+02 1.037032826821388670e-01 7.171883895263916897e-02 2.185425442249613024e-04
2.020000000000000284e+01 1.085451000000000192e+02 1.037413867712296128e-01 7.197155270790477066e-02 -1.105188079040207299e-05
2.030000000000000071e+01 1.085452999999999975e+02 1.038240947450170398e-01 7.222230036277429988e-02 -4.014723846329208310e-04
2.040000000000000213e+01 1.085005000000000024e+02 1.039469678996201435e-01 7.247092462612009234e-02 -7.336896692881571648e-04
2.050000000000000000e+01 1.083688999999999822e+02 1.041025856942605354e-01 7.271368480714805738e-02 -1.042617377109136909e-03
2.060000000000000142e+01 1.085007999999999981e+02 1.042814251243649321e-01 7.294607603437794352e-02 -1.314079054637295454e-03
2.070000000000000284e+01 1.085013000000000005e+02 1.044832331766335914e-01 7.318073866825029750e-02 -1.481210973619208424e-03
2.080000000000000071e+01 1.084573000000000036e+02 1.044186818142876783e-01 7.342865212459824542e-02 -1.610226184035904329e-03
2.090000000000000213e+01 1.085451000000000192e+02 1.043039461544812696e-01 7.368841810986719032e-02 -1.704763910369257607e-03
2.100000000000000000e+01 1.085007000000000090e+02 1.042146399333264417e-01 7.395982193992090004e-02 -1.729623492913089046e-03
2.110000000000000142e+01 1.086982134204428263e+02 1.039784574601290840e-01 7.424284615208773253e-02 -1.708363304029077157e-03
2.120000000000000284e+01 1.085012000000000114e+02 1.036499199536890375e-01 7.455035680951055399e-02 -1.571702938288855591e-03
2.130000000000000071e+01 1.085451000000000192e+02 1.033523427475910861e-01 7.489334506969522187e-02 -1.386943416932562333e-03
2.140000000000000213e+01 1.085449000000000126e+02 1.030856272917787669e-01 7.525461544092128252e-02 -1.214887628988873571e-03
2.150000000000000000e+01 1.085451000000000192e+02 1.028477069278755929e-01 7.561322745023282832e-02 -1.032941000608188307e-03
2.160000000000000142e+01 1.085449000000000126e+02 1.026382527076188794e-01 7.596388391613898006e-02 -9.345307181616773016e-04
2.170000000000000284e+01 1.086293909270877833e+02 1.024569740951931651e-01 7.617535398216998543e-02 -8.862115452984287286e-04
2.180000000000000071e+01 1.086175098633633809e+02 1.023029890811297526e-01 7.612442878297862037e-02 -7.736014910722639705e-04
2.190000000000000213e+01 1.086052432301681137e+02 1.021801180886290072e-01 7.609993512704911478e-02 -4.720192084271152564e-04
2.200000000000000000e+01 1.085923946079892204e+02 1.020927741302031233e-01 7.610788613814298276e-02 -9.633169958792267714e-05
2.210000000000000142e+01 1.085792285533956090e+02 1.020422001876406110e-01 7.615201484348951833e-02 9.959934263610119287e-05
2.220000000000000284e+01 1.085658778214618678e+02 1.020302361735036800e-01 7.623666270588144722e-02 2.550504566430244926e-04
2.230000000000000071e+01 1.085524688105264630e+02 1.020546440878907363e-01 7.636213405237271545e-02 3.900360259367893550e-04
2.240000000000000213e+01 1.085387939092662322e+02 1.021092090290925958e-01 7.652397696984106212e-02 5.043026242284615480e-04
2.250000000000000000e+01 1.085248546521598882e+02 1.021906147178689717e-01 7.672057634081219657e-02 6.491970455096339422e-04
2.260000000000000142e+01 1.085109147502111284e+02 1.022964123092134081e-01 7.695142387228656733e-02 7.912575876490695595e-04
2.270000000000000284e+01 1.084967119359407235e+02 1.024225531700437009e-01 7.721345364406238809e-02 9.250823832626251181e-04
2.280000000000000071e+01 1.084820895418585991e+02 1.025659670230174986e-01 7.750442614309929756e-02 1.075467772310023532e-03
2.290000000000000213e+01 1.084669145632485225e+02 1.027264174504922412e-01 7.782483434097382802e-02 1.265815360499212292e-03
2.300000000000000000e+01 1.084512707919949861e+02 1.029027069197018945e-01 7.817449942308582478e-02 1.463101360659028322e-03
2.310000000000000142e+01 1.083657999999999930e+02 1.030888042957022466e-01 7.854860197377168396e-02 1.621506786267296052e-03
2.320000000000000284e+01 1.084197933242720921e+02 1.030914777155098605e-01 7.894174407170692631e-02 1.771158190671172318e-03
2.330000000000000071e+01 1.084041950395204736e+02 1.030883529290038958e-01 7.935003718452372790e-02 1.767369260512618610e-03
2.340000000000000213e+01 1.083884171366224649e+02 1.030944818512875283e-01 7.976979327149993915e-02 1.787723670689275561e-03
2.350000000000000000e+01 1.083723225270212254e+02 1.031104924585867222e-01 8.019957775735626904e-02 1.900287755635459873e-03
2.360000000000000142e+01 1.083561923210407230e+02 1.031346689828435970e-01 8.063600835362809416e-02 1.958414835610023351e-03
2.370000000000000284e+01 1.083400643801829233e+02 1.031622838287227228e-01 8.107168999496043582e-02 1.640469266808236614e-03
2.380000000000000071e+01 1.083236842488129383e+02 1.031925486779187162e-01 8.150336735629389040e-02 1.185908743894944616e-03
2.390000000000000213e+01 1.083070392684811054e+02 1.032273433073273017e-01 8.193155263090287632e-02 7.475726940060700102e-04
2.400000000000000000e+01 1.082901264302962971e+02 1.032667732840388541e-01 8.235485809580700423e-02 4.338422965715224783e-04
2.410000000000000142e+01 1.082731391282833613e+02 1.033093047475063947e-01 8.263593381831881024e-02 2.359813512246654700e-04
2.420000000000000284e+01 1.082562139295992267e+02 1.033518581619995158e-01 8.290716800108467732e-02 7.146724715678537941e-05
2.430000000000000071e+01 1.082391453323909332e+02 1.033944411293133137e-01 8.318331815276244767e-02 2.027786612593535234e-05
2.440000000000000213e+01 1.082219613039351316e+02 1.034407196293596620e-01 8.346808082056457467e-02 8.938345290603611480e-05
2.450000000000000000e+01 1.082046798358744724e+02 1.034922613165169397e-01 8.376324047337693757e-02 2.670885842998118372e-04
2.460000000000000142e+01 1.081874364101411032e+02 1.035455738120341779e-01 8.406565945474173129e-02 4.903133498690897879e-04
2.470000000000000284e+01 1.081701087909238339e+02 1.035976905818294103e-01 8.437214346246210694e-02 6.529054804086119367e-04
2.480000000000000071e+01 1.081525732512534859e+02 1.036465500794403055e-01 8.468019507262639078e-02 6.260632155007643139e-04
2.490000000000000213e+01 1.081351076058479634e+02 1.036884853240175042e-01 8.498612234675771704e-02 5.022070688583087691e-04
2.500000000000000000e+01 1.081176407901478029e+02 1.037278791976831427e-01 8.529384886911825503e-02 4.801358922684686070e-04
2.510000000000000142e+01 1.081003714593613267e+02 1.037711477378436137e-01 8.561012612650212295e-02 5.108585410811651096e-04
2.520000000000000284e+01 1.080832398231007687e+02 1.034985999999999962e-01 8.593454807647050997e-02 5.501573235674199393e-04
2.530000000000000071e+01 1.080661068952495185e+02 1.038644258798832043e-01 8.626398191788872682e-02 5.668119020798411279e-04
2.540000000000000213e+01 1.080487825364022854e+02 1.038948010917917220e-01 8.658098872240595212e-02 2.561841718815955574e-04
2.550000000000000000e+01 1.080313704090800826e+02 1.038690597812955418e-01 8.684338886475072294e-02 -2.532251481545920446e-03
2.560000000000000142e+01 1.080144550381298956e+02 1.037532383142842629e-01 8.670422821658604895e-02 -7.264684605363056109e-03
2.570000000000000284e+01 1.079978129862331571e+02 1.035027894496882428e-01 8.583221440632778088e-02 -1.135189619221193755e-02
2.580000000000000071e+01 1.079816061735679824e+02 1.029902062077628633e-01 8.459248031925425959e-02 -1.455807100406703199e-02
2.590000000000000213e+01 1.079659888127332295e+02 1.021727651437586842e-01 8.307768442428907496e-02 -1.680328566037879792e-02
2.600000000000000000e+01 1.079506369246731197e+02 1.005426020289402061e-01 8.138069208545387068e-02 -1.859575999999999937e-02
2.610000000000000142e+01 1.079361845303393750e+02 9.891232279363841584e-02 7.958734666658427714e-02 -2.049021999999999996e-02
2.620000000000000284e+01 1.079230822088780997e+02 9.734747258879319909e-02 7.776741763595987345e-02 -2.290135999999999908e-02
2.630000000000000071e+01 1.079111226068742297e+02 9.586731223230403331e-02 7.595957998525589006e-02 -2.290135999999999908e-02
2.640000000000000213e+01 1.079005397587094137e+02 9.450094860838943733e-02 7.419284865302055998e-02 -2.272913000000000017e-02
2.650000000000000000e+01 1.078915288817058382e+02 9.327071166802447522e-02 7.250455988928003470e-02 -1.980132999999999893e-02
2.660000000000000142e+01 1.078840811358295610e+02 9.211669999999999581e-02 7.092493882725255105e-02 -1.704574000000000020e-02
2.670000000000000284e+01 1.078775778790839013e+02 9.135352942003113763e-02 6.947909507256580519e-02 -1.550471493222220845e-02
2.680000000000000071e+01 1.078721839053975486e+02 9.068792717617159271e-02 6.818185329470448364e-02 -1.426213899628124733e-02
2.690000000000000213e+01 1.078684801217793563e+02 9.020610596843893492e-02 6.703099663191923463e-02 -1.405970777586741140e-02
2.700000000000000000e+01 1.078661918503303099e+02 8.896120000000000416e-02 6.601531280317088357e-02 -1.364545128253966816e-02
2.710000000000000142e+01 1.078656045392055915e+02 8.751879999999999382e-02 6.511935657743132821e-02 -1.303591166318677184e-02
2.720000000000000284e+01 1.078668421854338675e+02 8.582969999999999489e-02 6.433077138679746398e-02 -1.253758554998969307e-02
2.730000000000000071e+01 1.078696387662173350e+02 8.612559999999999660e-02 6.364198383764795020e-02 -1.260809002398317023e-02
2.740000000000000213e+01 1.078738241823541557e+02 8.632280000000000508e-02 6.304381170056236328e-02 -1.263070039704955634e-02
2.750000000000000000e+01 1.078795903396242153e+02 8.633920000000000483e-02 6.252495867647907268e-02 -1.256602738527084692e-02
2.760000000000000142e+01 1.078870992210243998e+02 8.648720000000000019e-02 6.207427990312745086e-02 -1.242911885575028082e-02
2.770000000000000284e+01 1.078959691954797933e+02 8.834190000000000098e-02 6.167797848012164519e-02 -1.221754147529196567e-02
2.780000000000000071e+01 1.079062861503551716e+02 8.891670000000000129e-02 6.131827430182493904e-02 -1.195446814302520561e-02
2.790000000000000213e+01 1.079181302934714353e+02 9.052499999999999436e-02 6.098039041450964426e-02 -1.163233596606887826e-02
2.800000000000000000e+01 1.079309890612833271e+02 9.053287494534364988e-02 6.066127231293464567e-02 -1.121300607216210374e-02
2.810000000000000142e+01 1.079451110728453926e+02 9.017571075270383596e-02 6.036561757567972947e-02 -1.071005427543121093e-02
2.820000000000000284e+01 1.079606202205383880e+02 8.988804310201750636e-02 6.010090375782412009e-02 -1.016594952746222198e-02
2.830000000000000071e+01 1.079772414124608702e+02 8.967149473911854851e-02 5.986635189864605161e-02 -9.589853976618155015e-03
2.840000000000000213e+01 1.079949661385947763e+02 8.952327232826728931e-02 5.964477036754138595e-02 -9.019009219362170496e-03
2.850000000000000000e+01 1.080135605892535011e+02 8.943897641110548635e-02 5.941423651879364914e-02 -8.452526157400979540e-03
2.860000000000000142e+01 1.080331007636673490e+02 8.941435287110223451e-02 5.916090843448700010e-02 -7.885783227233687104e-03
2.870000000000000284e+01 1.080534447081538332e+02 8.944526955196077656e-02 5.887600867296934049e-02 -7.331464568600343235e-03
2.880000000000000071e+01 1.080741914788976459e+02 8.952757307062350622e-02 5.854963876364906866e-02 -6.787977475592396788e-03
2.890000000000000213e+01 1.080951745831735877e+02 8.965959590263231083e-02 5.818533088811149445e-02 -7.745650000000000625e-03
2.900000000000000000e+01 1.081165840183821274e+02 8.976203156524660554e-02 5.779218299548442850e-02 -9.467889999999999640e-03
2.910000000000000142e+01 1.081386988511682006e+02 8.926303087994105767e-02 5.736157688546535127e-02 -1.050123000000000029e-02
2.920000000000000284e+01 1.081613830168669210e+02 8.873646427238113255e-02 5.688901631945952886e-02 -1.256791999999999979e-02
2.930000000000000071e+01 1.081843888834811196e+02 8.820151291193142895e-02 5.638215720544795945e-02 -1.222346999999999843e-02
2.940000000000000213e+01 1.082077258750537823e+02 8.768310201285746397e-02 5.584467354148538176e-02 -1.170679999999999985e-02
2.950000000000000000e+01 1.082315236693454494e+02 8.718760626683763615e-02 5.528030339742203564e-02 -1.050123000000000029e-02
2.960000000000000142e+01 1.082555281784356680e+02 8.666195532703749316e-02 5.469570339253130437e-02 -1.050123000000000029e-02
2.970000000000000284e+01 1.082793685986596728e+02 8.611229056489773381e-02 5.410347976534207737e-02 -1.050123000000000029e-02
2.980000000000000071e+01 1.083032201243745476e+02 8.565440777875610312e-02 5.352237386784684803e-02 -1.015678000000000067e-02
2.990000000000000213e+01 1.083271274891132663e+02 8.531447018382765091e-02 5.295840219498361423e-02 -8.827634808370869376e-03
3.000000000000000000e+01 1.083506637704343234e+02 8.506818164547914896e-02 5.240285625545376691e-02 -8.809643808754817271e-03
3.010000000000000142e+01 1.083741766570805822e+02 8.490304169637473419e-02 5.185476655806535440e-02 -8.610401276139361543e-03
3.020000000000000284e+01 1.083978506426149124e+02 8.480270963053573863e-02 5.132099889802492487e-02 -8.251521206105512374e-03
3.030000000000000071e+01 1.084215821855830626e+02 8.475072399371524901e-02 5.080217020620149404e-02 -7.789588404503093415e-03
3.040000000000000213e+01 1.084454346041787005e+02 8.474160685048441610e-02 5.029367186096701803e-02 -7.245332348541392957e-03
3.050000000000000000e+01 1.084691130732070263e+02 8.474838375532336987e-02 4.979402467341106225e-02 -6.598671316773978973e-03
3.060000000000000142e+01 1.084928927245720729e+02 8.476669439610209911e-02 4.929937819245965719e-02 -6.257954968925559178e-03
3.070000000000000284e+01 1.085166731828825988e+02 8.481340652095156751e-02 4.879400594836989791e-02 -6.484858563166229391e-03
3.080000000000000071e+01 1.085404116604497347e+02 8.485726818643234137e-02 4.827192299041226098e-02 -6.613593809033198150e-03
3.090000000000000213e+01 1.085643295264728749e+02 8.492662730681485583e-02 4.774944316419420243e-02 -6.517441550308812961e-03
3.100000000000000000e+01 1.085879846458854558e+02 8.502083553692782458e-02 4.724656700651304331e-02 -6.247598631808277611e-03
3.110000000000000142e+01 1.086119969375899359e+02 8.511821648975373411e-02 4.678251249222205310e-02 -6.078661485657496817e-03
3.120000000000000284e+01 1.086364500414355660e+02 8.523665890409230783e-02 4.637385151858387788e-02 -5.974745128520570978e-03
3.130000000000000071e+01 1.086608264070209202e+02 8.533836607443870403e-02 4.602287427126196262e-02 -5.841719475232306190e-03
3.140000000000000213e+01 1.086854044916712922e+02 8.545129480429818070e-02 4.571154626770516233e-02 -5.796425827242248675e-03
3.150000000000000000e+01 1.087102061721687249e+02 8.560689280826308534e-02 4.541737294368314304e-02 -5.786342454745882317e-03
3.160000000000000142e+01 1.087353958875547590e+02 8.574841856192097489e-02 4.512929194396748944e-02 -5.764024963948926293e-03
3.170000000000000284e+01 1.087608075502505045e+02 8.586112589325463340e-02 4.483781189490716745e-02 -5.764607318438829710e-03
3.180000000000000071e+01 1.087866047630782020e+02 8.596958501027904265e-02 4.454232009912126311e-02 -5.664533316053569842e-03
3.190000000000000213e+01 1.088126109815868716e+02 8.608451466739983071e-02 4.425011810632679954e-02 -5.502622162194133540e-03
3.200000000000000000e+01 1.088383184682969471e+02 8.620639577136947340e-02 4.395550782391487860e-02 -5.352619731889862384e-03
3.210000000000000142e+01 1.088646780940333940e+02 8.633447161752585974e-02 4.365763219958850028e-02 -5.334509999999999773e-03
3.220000000000000284e+01 1.088921180262412065e+02 8.646646860419623937e-02 4.335525033214496921e-02 -5.678960000000000258e-03
3.230000000000000426e+01 1.089199373298046538e+02 8.659500967469349608e-02 4.303664759927225414e-02 -5.334509999999999773e-03
3.239999999999999858e+01 1.089478927092884675e+02 8.675501020887724235e-02 4.269950427296818202e-02 -5.678960000000000258e-03
3.250000000000000000e+01 1.089761430430692997e+02 8.697106479769031728e-02 4.234774800403556805e-02 -6.023409999999999008e-03
3.260000000000000142e+01 1.090048426713666458e+02 8.722195568928234333e-02 4.199207678834125657e-02 -5.334509999999999773e-03
3.270000000000000284e+01 1.090341627425647175e+02 8.749218000424754949e-02 4.163442419142425466e-02 -5.334509999999999773e-03
3.280000000000000426e+01 1.090639782526390462e+02 8.777948066008248174e-02 4.125998294114658488e-02 -5.516083820901466345e-03
3.289999999999999858e+01 1.090925010829860753e+02 8.808747111453976708e-02 4.086661442480958584e-02 -5.671166698765327772e-03
3.300000000000000000e+01 1.091167666260778901e+02 8.840975094728750761e-02 4.046593783221211910e-02 -5.709090284466891881e-03
3.310000000000000142e+01 1.091414923640277408e+02 8.872548838600347043e-02 4.006574366267583176e-02 -5.706381706430265800e-03
3.320000000000000284e+01 1.091668354683492481e+02 8.899188415255923634e-02 3.966931876469551727e-02 -5.675382890456162448e-03
3.330000000000000426e+01 1.091926495075639565e+02 8.920719078145047942e-02 3.927945730713505029e-02 -5.613052486421492814e-03
3.339999999999999858e+01 1.092190898148367211e+02 8.940873911693089648e-02 3.889842179403000394e-02 -5.532727564380213008e-03
3.350000000000000000e+01 1.092459505014688546e+02 8.960382582014354835e-02 3.852807518368688011e-02 -5.499250175816507852e-03
3.360000000000000142e+01 1.092732158051442894e+02 8.979154168793167246e-02 3.816549277171217558e-02 -5.678960000000000258e-03
3.370000000000000284e+01 1.093008813984604615e+02 8.997043847955828177e-02 3.780791670462619464e-02 -5.506729999999999611e-03
3.380000000000000426e+01 1.093287313476948981e+02 9.013700063508103821e-02 3.746294155847157414e-02 -5.435552991602505581e-03
3.389999999999999858e+01 1.093567047468338700e+02 9.028973084042403452e-02 3.714002645063427949e-02 -5.332583789786839341e-03
3.400000000000000000e+01 1.093848034097103721e+02 9.043433041381324089e-02 3.684701221101036733e-02 -5.180515890884329969e-03
3.410000000000000142e+01 1.094134005260812330e+02 9.056917626570763769e-02 3.658414938099778524e-02 -5.334509999999999773e-03
3.420000000000000284e+01 1.094425449720087187e+02 9.068229734414202936e-02 3.634728117082716009e-02 -4.865211969264119848e-03
3.430000000000000426e+01 1.094720099924215617e+02 9.077275701660665608e-02 3.613482368242076914e-02 -4.990060000000000155e-03
3.439999999999999858e+01 1.095017858312708370e+02 9.085654622466374231e-02 3.594050151299806040e-02 -5.334509999999999773e-03
3.450000000000000000e+01 1.095320652533424663e+02 9.093220471558839668e-02 3.575791347840413803e-02 -5.334509999999999773e-03
3.460000000000000142e+01 1.095627000613086608e+02 9.099017720200627823e-02 3.558114800059612726e-02 -6.195629999999999714e-03
3.470000000000000284e+01 1.095931583043557680e+02 9.102816992674941932e-02 3.541399250682327610e-02 -5.334509999999999773e-03
3.480000000000000426e+01 1.096238871404206350e+02 9.101915687480775785e-02 3.525997225443688182e-02 -5.678960000000000258e-03
3.489999999999999858e+01 1.096549998042498686e+02 9.095768008222268608e-02 3.510617296906591578e-02 -4.645609999999999670e-03
3.500000000000000000e+01 1.096859518744510638e+02 9.086850359496820295e-02 3.496423207107603875e-02 -5.506729999999999611e-03
3.510000000000000142e+01 1.097170173009305927e+02 9.076556158756789172e-02 3.486677392935479125e-02 -6.023399999999999935e-03
3.520000000000000284e+01 1.097484952588309426e+02 9.068296349185905880e-02 3.480375492244606322e-02 -6.023399999999999935e-03
3.530000000000000426e+01 1.097803721436775248e+02 9.061772791485976641e-02 3.473559419819545468e-02 -6.023399999999999935e-03
3.539999999999999858e+01 1.098125796002073571e+02 9.055317497068587906e-02 3.465216625389068439e-02 -5.678960000000000258e-03
3.550000000000000000e+01 1.098449249270737340e+02 9.050200520120381398e-02 3.456790051886847459e-02 -5.334509999999999773e-03
3.560000000000000142e+01 1.098774808124746158e+02 9.048165401793048512e-02 3.448175213716586640e-02 -4.990060000000000155e-03
3.570000000000000284e+01 1.099102262656077613e+02 9.050181304774922164e-02 3.438579995543528112e-02 -4.990060000000000155e-03
3.580000000000000426e+01 1.099431616090176647e+02 9.054969402079444951e-02 3.428101170005722065e-02 -4.645609999999999670e-03
3.589999999999999858e+01 1.099761552678453569e+02 9.060590207237911864e-02 3.416188772945392277e-02 -3.956720000000000376e-03
3.600000000000000000e+01 1.100090110320718537e+02 9.066274774352053867e-02 3.403000058657288524e-02 -3.784490000000000163e-03
3.610000000000000142e+01 1.100421961454151472e+02 9.074162293552320846e-02 3.390133561926031436e-02 -4.128940000000000214e-03
3.620000000000000284e+01 1.100757727481858552e+02 9.084160865706678023e-02 3.377665138433189745e-02 -3.267819999999999839e-03
3.630000000000000426e+01 1.101094212805220707e+02 9.091584513636145892e-02 3.364266953552054462e-02 -3.956720000000000376e-03
3.639999999999999858e+01 1.101434064904882746e+02 9.095085521031440190e-02 3.349554905754111023e-02 -3.612269999999999891e-03
3.650000000000000000e+01 1.101777364970544681e+02 9.096719722057779178e-02 3.333914404995010072e-02 -3.612269999999999891e-03
3.660000000000000142e+01 1.102122937760834986e+02 9.088099598567234150e-02 3.317760726616742623e-02 -4.645609999999999670e-03
3.670000000000000284e+01 1.102470567691376573e+02 9.062820659480898267e-02 3.302012694023548356e-02 -4.128940000000000214e-03
3.680000000000000426e+01 1.102820981479144251e+02 9.037819620918909058e-02 3.287463660858285647e-02 -4.645609999999999670e-03
3.689999999999999858e+01 1.103173792643531215e+02 9.013278646425332274e-02 3.274037628372662712e-02 -4.301170000000000861e-03
3.700000000000000000e+01 1.103523362162983830e+02 8.989817488402984669e-02 3.262759292601461608e-02 -3.612269999999999891e-03
3.710000000000000142e+01 1.103873182539522446e+02 8.968166144504305382e-02 3.255494997890812092e-02 -3.612269999999999891e-03
3.720000000000000284e+01 1.104229054563346892e+02 8.948244821806011773e-02 3.251572088236155678e-02 -3.267819999999999839e-03
3.730000000000000426e+01 1.104586522393382637e+02 8.929758541628926571e-02 3.249029535322195406e-02 -2.578930000000000111e-03
3.739999999999999858e+01 1.104942821149013952e+02 8.912808082074114013e-02 3.247257309670011083e-02 -3.267819999999999839e-03
3.750000000000000000e+01 1.105298841748427208e+02 8.897471742265991579e-02 3.245755907309112037e-02 -2.751149999999999950e-03
3.760000000000000142e+01 1.105657214690908745e+02 8.883682989709715261e-02 3.244011051803054324e-02 -3.267819999999999839e-03
3.770000000000000284e+01 1.106016601087931690e+02 8.871649043364875087e-02 3.242796555192933861e-02 -3.267819999999999839e-03
3.780000000000000426e+01 1.106375573602236670e+02 8.861664980696559724e-02 3.243115672613677142e-02 -2.578930000000000111e-03
3.789999999999999858e+01 1.106737940535296616e+02 8.853504758632353699e-02 3.244289407062131425e-02 -2.578930000000000111e-03
3.800000000000000000e+01 1.107100348198325435e+02 8.846888125717647378e-02 3.245205022477649914e-02 -2.751149999999999950e-03
3.810000000000000142e+01 1.107462167192229998e+02 8.841659388027309219e-02 3.245253741478321130e-02 -2.234480000000000060e-03
3.820000000000000284e+01 1.107825579338783655e+02 8.837520292959903656e-02 3.243666946919907673e-02 -2.578930000000000111e-03
3.830000000000000426e+01 1.108187481501729366e+02 8.834379287791878366e-02 3.240360880210433475e-02 -2.578930000000000111e-03
3.840000000000000568e+01 1.108551727369122375e+02 8.832144019699261772e-02 3.235816642576868490e-02 -2.578930000000000111e-03
3.850000000000000000e+01 1.108920045597402577e+02 8.830587569116624125e-02 3.230382333136892076e-02 -2.486684204440108362e-03
3.860000000000000142e+01 1.109288479979728237e+02 8.823014389539822477e-02 3.224464949909671557e-02 -2.510788964654926594e-03
3.870000000000000284e+01 1.109656416245486668e+02 8.815865666620999186e-02 3.218562732539831384e-02 -2.485418902908495022e-03
3.880000000000000426e+01 1.110024449148741610e+02 8.809918585524424695e-02 3.213120967197141686e-02 -2.419256484977694126e-03
3.890000000000000568e+01 1.110392104195112779e+02 8.805195901183847373e-02 3.208516841987128776e-02 -2.316294536846386348e-03
3.900000000000000000e+01 1.110758949784357554e+02 8.801812194000108169e-02 3.205573025852199998e-02 -2.082548521175003799e-03
3.910000000000000142e+01 1.111126415338912352e+02 8.799888890036321187e-02 3.205429188993455525e-02 -1.747329520450738001e-03
3.920000000000000284e+01 1.111495322247960900e+02 8.799227031418467571e-02 3.207701419149124739e-02 -1.585169873434582894e-03
3.930000000000000426e+01 1.111868490599270416e+02 8.796701350075805670e-02 3.210889535247328508e-02 -1.545970299992096295e-03
3.940000000000000568e+01 1.112244553315170066e+02 8.785212925564953035e-02 3.214601847202395307e-02 -1.460069257734956678e-03
3.950000000000000000e+01 1.112618320437083383e+02 8.774615699499498100e-02 3.219395052984297401e-02 -1.307923045922926384e-03
3.960000000000000142e+01 1.112993705004194283e+02 8.765025987111076111e-02 3.226018305615825643e-02 -1.070097252731074455e-03
3.970000000000000284e+01 1.113370319715567263e+02 8.756489802570105452e-02 3.234996154777007582e-02 -1.890030000000000009e-03
3.980000000000000426e+01 1.113743994821742831e+02 8.749052072559479476e-02 3.246090824685925191e-02 -1.890030000000000009e-03
3.990000000000000568e+01 1.114117476498806809e+02 8.742687501244880699e-02 3.259068806951988945e-02 -1.545579999999999957e-03
4.000000000000000000e+01 1.114487255741862128e+02 8.737543308940919073e-02 3.274191827260106852e-02 -1.890030000000000009e-03
4.010000000000000142e+01 1.114856539471032733e+02 8.733563447059740359e-02 3.291146226126159119e-02 -2.578930000000000111e-03
4.020000000000000284e+01 1.115227093666721458e+02 8.730698758774814439e-02 3.310238550813447700e-02 -2.234480000000000060e-03
4.030000000000000426e+01 1.115593942287703300e+02 8.729142162748587674e-02 3.332266404506608465e-02 -3.267819999999999839e-03
4.040000000000000568e+01 1.115963717966647977e+02 8.728472860446291615e-02 3.355823083084098768e-02 -3.267819999999999839e-03
4.050000000000000000e+01 1.116333524893606324e+02 8.728287968951099762e-02 3.379551430517682004e-02 -2.578930000000000111e-03
4.060000000000000142e+01 1.116698223309540765e+02 8.728682907422223580e-02 3.403727293592812703e-02 -2.578930000000000111e-03
4.070000000000000284e+01 1.117060213268372024e+02 8.729669350527259619e-02 3.428432305522047252e-02 -2.062249999999999847e-03
4.080000000000000426e+01 1.117420678334125199e+02 8.731066077298489658e-02 3.453165533003231535e-02 -1.890030000000000009e-03
4.090000000000000568e+01 1.117781582697120655e+02 8.732598173015757026e-02 3.477439515681687160e-02 -1.890030000000000009e-03
4.100000000000000000e+01 1.118140602918371798e+02 8.734111886334908204e-02 3.501132229955294245e-02 -5.122399999999999610e-04
4.110000000000000142e+01 1.118496599932112758e+02 8.735443023154118580e-02 3.523773249991056511e-02 -1.201129999999999689e-03
4.120000000000000284e+01 1.118850796832282697e+02 8.736505981104766838e-02 3.545512130809694296e-02 -1.201129999999999689e-03
4.130000000000000426e+01 1.119202293494534644e+02 8.739082702222886190e-02 3.576043235400165610e-02 -5.122399999999999610e-04
4.140000000000000568e+01 1.119552290061563724e+02 8.747330815344467325e-02 3.636881409163483792e-02 1.317180275565615075e-03
4.150000000000000000e+01 1.119898476580569451e+02 8.764273558584675938e-02 3.741929252970782604e-02 2.972089673296966165e-03
4.160000000000000142e+01 1.120238915292891591e+02 8.787832531810857439e-02 3.887920830228980273e-02 4.679429241230026112e-03
4.170000000000000284e+01 1.120573176902867232e+02 8.813956427036018226e-02 4.067834056140105792e-02 5.969358439413660969e-03
4.180000000000000426e+01 1.120894974747940580e+02 8.848455865054817571e-02 4.276788890574650948e-02 7.072494674217396672e-03
4.190000000000000568e+01 1.121201340727028395e+02 8.890178538035452271e-02 4.506842050165400793e-02 8.046609515702169910e-03
4.200000000000000000e+01 1.121489052988779775e+02 8.937428865448088233e-02 4.748120394499968228e-02 8.940441136565878757e-03
4.210000000000000142e+01 1.121762006849047708e+02 8.988636343226238945e-02 4.993050309310013979e-02 9.760234851510039139e-03
4.220000000000000284e+01 1.122025842737559316e+02 9.041938885819571226e-02 5.234919654683058837e-02 1.034234054900847605e-02
4.230000000000000426e+01 1.122274570821315507e+02 9.095577929248430116e-02 5.467774018525782542e-02 1.070615018118296034e-02
4.240000000000000568e+01 1.122506306382027077e+02 9.148411817077525821e-02 5.688732545859307571e-02 1.100698424272646483e-02
4.250000000000000000e+01 1.122721993996271550e+02 9.199282417720477945e-02 5.895524709028925059e-02 1.118603564552410161e-02
4.260000000000000142e+01 1.122924171361990773e+02 9.246831244857375842e-02 6.085856415544811659e-02 1.125473550845637431e-02
4.270000000000000284e+01 1.123114106123259006e+02 9.289916374968884560e-02 6.258959683174923627e-02 1.121483298037476498e-02
4.280000000000000426e+01 1.123291583198422217e+02 9.327591876681308458e-02 6.414965936374103506e-02 1.107816806086174381e-02
4.290000000000000568e+01 1.123457361110034185e+02 9.359214274009941548e-02 6.555267257582104989e-02 1.087186629916150893e-02
4.300000000000000000e+01 1.123607098857945346e+02 9.384511256252184297e-02 6.681870553685675951e-02 1.014976602494396113e-02
4.310000000000000142e+01 1.123744822648820900e+02 9.403190596605159879e-02 6.796624844072511606e-02 8.780435737344627692e-03
4.320000000000000284e+01 1.123876499726021478e+02 9.414858773383470714e-02 6.901384240689970029e-02 7.468415321250625009e-03
4.330000000000000426e+01 1.124001325310221375e+02 9.419274120032861131e-02 6.998029887381757019e-02 6.267160225500845346e-03
4.340000000000000568e+01 1.124117779063081599e+02 9.416242750840181364e-02 7.087551256270835376e-02 5.128767249445737725e-03
4.350000000000000000e+01 1.124224326899810649e+02 9.405690014767534302e-02 7.170364551478060344e-02 4.123860779612649637e-03
4.360000000000000142e+01 1.124322075611260630e+02 9.387947801251672608e-02 7.248046883363470916e-02 3.351069801130349048e-03
4.370000000000000284e+01 1.124410695601885521e+02 9.363736256025775861e-02 7.323098570908000149e-02 2.856561046942435698e-03
4.380000000000000426e+01 1.124491053181557305e+02 9.334090518191076602e-02 7.398736154531831977e-02 2.717190124669774474e-03
4.390000000000000568e+01 1.124567222272246170e+02 9.299770256765386989e-02 7.476810723613362686e-02 2.757988649978969798e-03
4.400000000000000000e+01 1.124634511092472167e+02 9.261335568210075919e-02 7.557030189224840655e-02 2.967239141810197687e-03
4.410000000000000142e+01 1.124692384306543289e+02 9.220076754825887178e-02 7.641620017427505629e-02 3.600227069413071759e-03
4.420000000000000284e+01 1.124746643569717008e+02 9.177504476253479926e-02 7.734188003685718571e-02 3.484148136087731641e-03
4.430000000000000426e+01 1.124794742793011437e+02 9.134402072848094023e-02 7.834451674685091738e-02 3.129364566365042902e-03
4.440000000000000568e+01 1.124833019146114452e+02 9.091425516555355635e-02 7.940715218790750374e-02 2.863341771482486118e-03
4.450000000000000000e+01 1.124860541102823390e+02 9.049465740289515392e-02 8.052089962703061488e-02 2.680451691449990941e-03
4.460000000000000142e+01 1.124878449323453964e+02 9.009043365313526563e-02 8.166317128644584589e-02 2.527584607850767370e-03
4.470000000000000284e+01 1.124887303797530365e+02 8.970660294107572763e-02 8.281498522793014072e-02 2.460172694644074953e-03
4.480000000000000426e+01 1.124886356811574473e+02 8.935248848081134287e-02 8.397941709946900313e-02 2.515687438472806198e-03
4.490000000000000568e+01 1.124874850936664359e+02 8.903633317039272299e-02 8.515661971012537801e-02 2.647259355919975680e-03
4.500000000000000000e+01 1.124853386595403322e+02 8.876353815332269082e-02 8.633880161305285128e-02 2.858227563432973531e-03
4.510000000000000142e+01 1.124821884785161785e+02 8.854244935038083075e-02 8.753642902674738102e-02 3.212727116209076073e-03
4.520000000000000284e+01 1.124782909646059466e+02 8.837792002894283294e-02 8.875260387545812202e-02 3.512666170784016495e-03
4.530000000000000426e+01 1.124738385913216518e+02 8.826789901446327469e-02 8.996824928497001994e-02 3.535725782576805420e-03
4.540000000000000568e+01 1.124685612659275051e+02 8.821265416946595661e-02 9.117690868954740624e-02 3.625245279496479810e-03
4.550000000000000000e+01 1.124619912143337928e+02 8.821439559233140715e-02 9.237761675413162787e-02 3.772681381770488871e-03
4.560000000000000142e+01 1.124543328099727404e+02 8.827417965198221250e-02 9.357056434755210705e-02 3.993490484129573817e-03
4.570000000000000284e+01 1.124458520278309095e+02 8.839067947859716168e-02 9.475512395430543688e-02 4.238798413723279812e-03
4.580000000000000426e+01 1.124361513544003941e+02 8.856173521806087745e-02 9.592641142313065861e-02 4.534914955902790215e-03
4.590000000000000568e+01 1.124254656379579700e+02 8.878464794097708224e-02 9.708354535059256218e-02 4.864328632216213637e-03
4.600000000000000000e+01 1.124136056204361864e+02 8.905359575818413975e-02 9.821363688208986642e-02 5.181896906288801022e-03
4.610000000000000142e+01 1.124008387249646717e+02 8.935938315715651059e-02 9.929607764107942214e-02 5.479376449103251327e-03
4.620000000000000284e+01 1.123876503099716615e+02 8.969395670598281911e-02 1.003275657190035447e-01 5.453164833991265732e-03
4.630000000000000426e+01 1.123736040274244630e+02 9.005599129234038991e-02 1.013318786633917307e-01 5.493557533058028748e-03
4.640000000000000568e+01 1.123587211703139133e+02 9.044544503335352759e-02 1.023368249780745309e-01 5.591416621257620095e-03
4.650000000000000000e+01 1.123429844462637135e+02 9.085723425258968033e-02 1.033465905302392296e-01 5.696152679951109639e-03
4.660000000000000142e+01 1.123264067965312023e+02 9.128440563336107094e-02 1.043568449500402451e-01 5.824116582460858033e-03
4.670000000000000284e+01 1.123090022481088255e+02 9.172115370652185462e-02 1.053683478503558285e-01 5.971966299122438183e-03
4.680000000000000426e+01 1.122907652338281963e+02 9.216067022168109024e-02 1.063764018987646554e-01 6.117850741628006600e-03
4.690000000000000568e+01 1.122716929700930706e+02 9.259592963285773193e-02 1.073742162828264651e-01 6.269410555537897368e-03
4.700000000000000000e+01 1.122514708388096807e+02 9.302221328819726409e-02 1.083591732277619374e-01 5.751980208540580057e-03
4.710000000000000142e+01 1.122304336300398830e+02 9.343547719761864656e-02 1.093340812138228618e-01 5.362367904586765564e-03
4.720000000000000284e+01 1.122090373202918983e+02 9.383036152505390415e-02 1.103020351735343602e-01 5.068877073406413171e-03
4.730000000000000426e+01 1.121868603176208552e+02 9.420255992070061812e-02 1.112631482618974960e-01 4.896271332989082271e-03
4.740000000000000568e+01 1.121638990548319015e+02 9.454902447399424203e-02 1.122185146761887353e-01 4.843789039211077348e-03
4.750000000000000000e+01 1.121398716721399893e+02 9.486845160313137071e-02 1.131696974721847493e-01 4.921618343285387963e-03
4.760000000000000142e+01 1.121145553043473058e+02 9.516303421764524262e-02 1.141265931294635771e-01 5.205518131117969037e-03
4.770000000000000284e+01 1.120884456303262908e+02 9.543352526374784817e-02 1.150967192142558354e-01 5.581200723512281039e-03
4.780000000000000426e+01 1.120615197501629012e+02 9.567809734248061693e-02 1.160747965920095465e-01 6.008467056957284350e-03
4.790000000000000568e+01 1.120338138945847817e+02 9.589754664555474872e-02 1.170654455005510214e-01 6.363321349641006160e-03
4.800000000000000000e+01 1.120051208851410962e+02 9.609487111755629640e-02 1.180774045602911437e-01 6.505661714522858671e-03
4.810000000000000142e+01 1.119756315752441225e+02 9.627212624123526741e-02 1.191149083932169644e-01 6.679938548159012821e-03
4.820000000000000284e+01 1.119358992047030199e+02 9.643156121521791191e-02 1.201845570267648100e-01 6.839589354281023006e-03
4.830000000000000426e+01 1.118887303298757416e+02 9.657052258843595860e-02 1.212662107218009655e-01 6.902184730722388424e-03
4.840000000000000568e+01 1.118409241512027847e+02 9.668278980476893714e-02 1.223265722475648520e-01 6.973834855134236795e-03
4.850000000000000000e+01 1.117921577843818426e+02 9.676788243942772982e-02 1.233543554491705746e-01 7.073865694331501509e-03
4.860000000000000142e+01 1.117426013972090857e+02 9.682679600549194687e-02 1.243460022107773788e-01 7.156451273653593147e-03
4.870000000000000284e+01 1.116921350209270258e+02 9.686182740991419737e-02 1.253018856656966107e-01 7.023901678886819953e-03
4.880000000000000426e+01 1.116405969830587424e+02 9.687706131387945063e-02 1.262266140355954858e-01 6.814525829711126290e-03
4.890000000000000568e+01 1.115880453928338198e+02 9.687530346637940326e-02 1.271202276691350830e-01 6.504753718943926365e-03
4.900000000000000000e+01 1.115342348628302034e+02 9.685915377911039070e-02 1.279766692968603015e-01 6.201446993179280352e-03
4.910000000000000142e+01 1.114798268708706388e+02 9.682775273880972478e-02 1.287834635648174852e-01 5.863761909502718250e-03
4.920000000000000284e+01 1.114250679549515723e+02 9.678226439984197182e-02 1.295435176411945666e-01 5.564679918077811149e-03
4.930000000000000426e+01 1.113692312544048804e+02 9.673132857165414600e-02 1.302815248448726537e-01 5.359146975428477969e-03
4.940000000000000568e+01 1.113122075912036735e+02 9.668321190537494669e-02 1.310143831679243254e-01 5.210231985266768409e-03
4.950000000000000000e+01 1.112545679532814091e+02 9.664095492963897804e-02 1.317433201179182833e-01 5.078102800977090346e-03
4.960000000000000142e+01 1.111965373674279647e+02 9.660475790637187976e-02 1.324622100556023807e-01 4.940982651720075489e-03
4.970000000000000284e+01 1.111376814168541642e+02 9.657754254049986942e-02 1.331709426855436362e-01 4.858072970489753402e-03
4.980000000000000426e+01 1.110780771559375637e+02 9.656416275366894175e-02 1.338775692120146021e-01 4.826476202450302733e-03
4.990000000000000568e+01 1.110177526785242748e+02 9.656789289778124064e-02 1.345837303002633267e-01 4.770514004388596262e-03
5.000000000000000000e+01 1.109564862940933949e+02 9.659318574999722906e-02 1.352933812028132288e-01 4.730946039889835121e-03
5.010000000000000142e+01 1.108947820677107075e+02 9.664292822780892744e-02 1.360112443437971053e-01 4.712150098087966588e-03
5.020000000000000284e+01 1.108329104809885308e+02 9.671618154046966731e-02 1.367316269402708007e-01 4.690475166286792001e-03
5.030000000000000426e+01 1.107704654104408917e+02 9.681098453587448638e-02 1.374397135741959597e-01 4.660319702660507477e-03
5.040000000000000568e+01 1.107074993917969863e+02 9.692525277449803855e-02 1.381209894473337807e-01 4.638029592256050736e-03
5.050000000000000000e+01 1.106441811207726715e+02 9.706008927701288702e-02 1.387797060554259998e-01 4.661241873552439581e-03
5.060000000000000142e+01 1.105802737332421941e+02 9.721934167795986959e-02 1.394300107959437485e-01 4.733368380708879303e-03
5.070000000000000284e+01 1.105159495522623132e+02 9.740494671685612227e-02 1.400797193418140130e-01 4.814379360849113318e-03
5.080000000000000426e+01 1.104513503322885697e+02 9.761653527539496111e-02 1.407298113910609993e-01 4.736195450858410837e-03
5.090000000000000568e+01 1.103864975933814776e+02 9.785210288122302147e-02 1.413755690550773103e-01 4.662359954342997458e-03
5.100000000000000000e+01 1.103209604888823492e+02 9.811015676550979836e-02 1.420088346704207471e-01 4.606448144019892332e-03
5.110000000000000142e+01 1.102550808749702469e+02 9.838776141862680402e-02 1.426203135285280255e-01 4.550711844093441663e-03
5.120000000000000284e+01 1.101892939801967373e+02 9.867922372213155935e-02 1.431978984596499749e-01 4.462917068353802058e-03
5.130000000000000426e+01 1.101230454100978307e+02 9.898188002750714365e-02 1.437368330012499529e-01 4.402356734095702259e-03
5.140000000000000568e+01 1.100565106441427048e+02 9.929545115260558774e-02 1.442444565169516413e-01 4.370064528215994275e-03
5.150000000000000000e+01 1.099896923116925507e+02 9.962044227588351397e-02 1.447323133037131115e-01 4.284967272428220376e-03
5.160000000000000142e+01 1.099226466819428509e+02 9.995643610263682532e-02 1.452083269663496101e-01 4.138786355566958022e-03
5.170000000000000284e+01 1.098554014300428889e+02 1.002558266800464004e-01 1.456792137628264150e-01 4.025123395271657661e-03
5.180000000000000426e+01 1.097878329420517645e+02 1.005609817423440411e-01 1.461556131500786615e-01 3.950467416891030419e-03
5.190000000000000568e+01 1.097202654833644431e+02 1.008838886218295372e-01 1.466409810094246313e-01 3.876234695112174087e-03
5.200000000000000000e+01 1.096523815506176476e+02 1.012229908318477145e-01 1.471327792246225619e-01 3.818554388340710329e-03
5.210000000000000142e+01 1.095841909724885426e+02 1.015787018456369983e-01 1.476383407513784385e-01 3.816892466241173388e-03
5.220000000000000284e+01 1.095161118145285855e+02 1.019528478302045571e-01 1.481812122159793521e-01 3.888085492940421013e-03
5.230000000000000426e+01 1.094478062577188098e+02 1.022564784224876677e-01 1.487756359037352705e-01 3.985040940928943724e-03
5.240000000000000568e+01 1.093792857735038666e+02 1.025273581080737156e-01 1.494067781555993291e-01 4.052452275108828737e-03
5.250000000000000000e+01 1.093105831655386311e+02 1.028188354389605041e-01 1.500503083834600904e-01 4.087213500670408041e-03
5.260000000000000142e+01 1.092417489822535401e+02 1.031272333254641682e-01 1.506909159912551144e-01 4.111492560731080936e-03
5.270000000000000284e+01 1.091727279497463741e+02 1.034489823898700200e-01 1.513150123310439132e-01 3.965579999999999800e-03
5.280000000000000426e+01 1.091032771287971030e+02 1.037802153463349419e-01 1.519046463241695011e-01 3.965579999999999800e-03
5.290000000000000568e+01 1.090333777765593624e+02 1.041175741700072210e-01 1.524455888514323898e-01 3.621140000000000123e-03
5.300000000000000000e+01 1.088971999999999980e+02 1.044594403191007326e-01 1.529339493118717086e-01 4.004629533755273488e-03
5.310000000000000142e+01 1.088922877254884867e+02 1.048044041709890878e-01 1.533721743428768935e-01 3.873139741274558064e-03
5.320000000000000284e+01 1.088215313907096515e+02 1.051489823478000962e-01 1.537580649867638372e-01 3.557506888930737823e-03
5.330000000000000426e+01 1.087508036933652988e+02 1.054892419714038576e-01 1.540902625131989889e-01 3.064102258690029872e-03
5.340000000000000568e+01 1.086796922725300192e+02 1.058240783226967741e-01 1.543744486830532225e-01 2.619621138394498481e-03
5.350000000000000000e+01 1.086082147935165665e+02 1.061385778606296071e-01 1.546084249981655723e-01 2.059905163853084208e-03
5.360000000000000142e+01 1.085366563447423687e+02 1.062098015859953143e-01 1.547952790616383134e-01 1.677176105600766470e-03
5.370000000000000284e+01 1.084650881678833656e+02 1.060783573582635697e-01 1.549495692504298250e-01 1.408627670230059572e-03
5.380000000000000426e+01 1.083933119137470413e+02 1.059365283913931421e-01 1.550756778899207988e-01 1.113545119589098463e-03
5.390000000000000568e+01 1.083213661325750792e+02 1.057872293779523742e-01 1.551758276551624127e-01 8.894501852426741359e-04
5.400000000000000000e+01 1.082492710627314949e+02 1.056319888513305993e-01 1.552497300534532998e-01 5.885977805755458802e-04
5.410000000000000142e+01 1.081766838788237237e+02 1.054698112248655395e-01 1.552911492854263387e-01 2.397868588848912658e-04
5.420000000000000284e+01 1.081039932533097527e+02 1.053097612073248673e-01 1.553133884526182451e-01 2.049964849530178340e-04
5.430000000000000426e+01 1.080314638171988548e+02 1.051598462146124541e-01 1.553289762816483788e-01 1.067600956498762854e-04
5.440000000000000568e+01 1.079588334417251190e+02 1.050156543045039081e-01 1.553277261173514889e-01 -1.317633815880666379e-04
5.450000000000000000e+01 1.078860133519320641e+02 1.048844571079311228e-01 1.553198212796450262e-01 -7.924864707573656402e-05
5.460000000000000142e+01 1.078133064614490593e+02 1.047766679136384049e-01 1.553226612891201175e-01 -3.023908619922179505e-05
5.470000000000000284e+01 1.077406110801198764e+02 1.046928832103608958e-01 1.553363755439329807e-01 4.645487724252531791e-05
5.480000000000000426e+01 1.076677585012391347e+02 1.046322938890886511e-01 1.553584941746559145e-01 9.450650944885881019e-05
5.490000000000000568e+01 1.075951358760815424e+02 1.045894155595138431e-01 1.553808563318266611e-01 5.325423529487603312e-05
5.500000000000000000e+01 1.075226390636753848e+02 1.045600350215029478e-01 1.553973019695053248e-01 7.177252676201425860e-06
5.510000000000000142e+01 1.074500834796933617e+02 1.045434812716963674e-01 1.554074334318593098e-01 -3.406602785912125528e-05
5.520000000000000284e+01 1.073777872396127719e+02 1.045350979188716389e-01 1.554057906804947875e-01 -1.437313027305630805e-04
5.530000000000000426e+01 1.073056099138010211e+02 1.045319947194813803e-01 1.553893526081625287e-01 -2.338852007202160839e-04
5.540000000000000568e+01 1.072335608135594498e+02 1.045368959825097033e-01 1.553650307521989293e-01 -3.014301440033226049e-04
5.550000000000000000e+01 1.071617227450438747e+02 1.045463747454409287e-01 1.553340815103803341e-01 -5.042826100186890937e-04
5.560000000000000142e+01 1.070900455542194152e+02 1.045620586340787750e-01 1.552973678659130274e-01 -6.645685742631252634e-04
5.570000000000000284e+01 1.070185440182503953e+02 1.045807249342265433e-01 1.552510338291427927e-01 -9.005772935151351100e-04
5.580000000000000426e+01 1.069471818830816972e+02 1.045954263415401486e-01 1.551848057368135914e-01 -1.157622442826775760e-03
5.590000000000000568e+01 1.068760872587541684e+02 1.046088390919109046e-01 1.551055138837820757e-01 -1.318365323802805043e-03
5.600000000000000000e+01 1.068050335006339537e+02 1.046307659322669864e-01 1.550309373491796650e-01 -1.371214753821307399e-03
5.610000000000000142e+01 1.067342787242044153e+02 1.046667197926904602e-01 1.549740468228911483e-01 -1.358148379798577131e-03
5.620000000000000284e+01 1.066632354446159354e+02 1.047161278347768648e-01 1.549351450745872494e-01 -1.369148087060735076e-03
5.630000000000000426e+01 1.065792555915808606e+02 1.047730087941357996e-01 1.549029837291738543e-01 -1.426919183324232981e-03
5.640000000000000568e+01 1.064949843053778409e+02 1.048313336958574399e-01 1.548678340392825037e-01 -1.495810687582496560e-03
5.650000000000000000e+01 1.064106311440817620e+02 1.048896638329720743e-01 1.548288075081438175e-01 -1.541302195310741141e-03
5.660000000000000142e+01 1.063260739805043471e+02 1.049416792517756380e-01 1.547756854087805889e-01 -1.700100848448051795e-03
5.670000000000000284e+01 1.062411749081861245e+02 1.049770141342823288e-01 1.546911155327566345e-01 -1.913983489805731525e-03
5.680000000000000426e+01 1.061559668556946860e+02 1.049937449753654273e-01 1.545718544270049122e-01 -2.108479748578250077e-03
5.690000000000000568e+01 1.060704042685385105e+02 1.049939349769718061e-01 1.544203841773467145e-01 -2.300856489380774614e-03
5.700000000000000000e+01 1.059841387027956756e+02 1.049810943465837587e-01 1.542406228312434568e-01 -2.446188693051291885e-03
5.710000000000000142e+01 1.058975429747722501e+02 1.049577812635556218e-01 1.540365718307335485e-01 -2.586869065333187966e-03
5.720000000000000284e+01 1.058106373517064327e+02 1.049287151088597742e-01 1.538156961811542600e-01 -2.653612002056957540e-03
5.730000000000000426e+01 1.057233948287488801e+02 1.049010048155939040e-01 1.535893147323377228e-01 -2.710050536082096121e-03
5.740000000000000568e+01 1.056360164750218757e+02 1.048725727288301046e-01 1.533534959360329797e-01 -2.904103979646952861e-03
5.750000000000000000e+01 1.055483250544511549e+02 1.048369753856174952e-01 1.530956612400479477e-01 -3.147584543123772664e-03
5.760000000000000142e+01 1.054604499805208917e+02 1.047922797202999190e-01 1.528117548159238503e-01 -3.390559912631294342e-03
5.770000000000000284e+01 1.053725392612786322e+02 1.047402635129212889e-01 1.525046814521520133e-01 -3.610671021409426508e-03
5.780000000000000426e+01 1.052843745318808146e+02 1.046823461136795752e-01 1.521754514209901488e-01 -3.845102446553979540e-03
5.790000000000000568e+01 1.051957113635234293e+02 1.046213877970959133e-01 1.518265248326986783e-01 -4.025591486133148732e-03
5.800000000000000000e+01 1.051064739235801824e+02 1.045646167502464613e-01 1.514678744585135628e-01 -4.121283935350611959e-03
5.810000000000000142e+01 1.050170296585864378e+02 1.045158756094465707e-01 1.511054606274199186e-01 -4.205591078985152463e-03
5.820000000000000284e+01 1.049277504801962237e+02 1.044752743833973208e-01 1.507403420745579148e-01 -4.273833323147289628e-03
5.830000000000000426e+01 1.048384875780679977e+02 1.044391371036629962e-01 1.503660854709589489e-01 -4.422820244283183141e-03
5.840000000000000568e+01 1.047492886988835181e+02 1.044028799971514765e-01 1.499750056173261570e-01 -4.575344683572517453e-03
5.850000000000000000e+01 1.046600408144190908e+02 1.043655022512104125e-01 1.495651349028870314e-01 -4.748728186545045707e-03
5.860000000000000142e+01 1.045706063469252740e+02 1.043194783376873991e-01 1.491225226840943718e-01 -5.060808928131872546e-03
5.870000000000000284e+01 1.044810586890464492e+02 1.042596873033861948e-01 1.486378634646901009e-01 -5.352216356205579707e-03
5.880000000000000426e+01 1.043915612372454689e+02 1.041852995215540451e-01 1.481099924880571184e-01 -5.701365983954425655e-03
5.890000000000000568e+01 1.043024094988723505e+02 1.040936973603784621e-01 1.475356598642477146e-01 -6.063494645225274253e-03
5.900000000000000000e+01 1.042137234317244179e+02 1.039875850695057002e-01 1.469209199342164651e-01 -6.384661067373494613e-03
5.910000000000000142e+01 1.041250325478395098e+02 1.038731665488989570e-01 1.462752591944563862e-01 -6.659599635004720235e-03
5.920000000000000284e+01 1.040365074555602831e+02 1.037561928523474258e-01 1.456085460164076029e-01 -6.867646353135642076e-03
5.930000000000000426e+01 1.039484088116494434e+02 1.036525846664732298e-01 1.449484867498235241e-01 -6.818174550305116342e-03
5.940000000000000568e+01 1.038603686152414554e+02 1.035848949130299540e-01 1.443326583043575417e-01 -6.552983522229357920e-03
5.950000000000000000e+01 1.037728269903868750e+02 1.035546601911679077e-01 1.437643081252903132e-01 -6.392097416995895509e-03
5.960000000000000142e+01 1.036859278645878391e+02 1.035521576006382949e-01 1.432276588240681270e-01 -6.250293108231182344e-03
5.970000000000000284e+01 1.035991715065958800e+02 1.035758160455571841e-01 1.427190554745902673e-01 -6.083995039284653683e-03
5.980000000000000426e+01 1.035125258830892108e+02 1.036240895548401764e-01 1.422354391835544685e-01 -5.928782112562136324e-03
5.990000000000000568e+01 1.034265164969902600e+02 1.036900813197706162e-01 1.417675140976111803e-01 -5.863134683025265567e-03
6.000000000000000000e+01 1.033413244842651153e+02 1.037655722719389162e-01 1.413045668980089098e-01 -5.865145202449251367e-03
