9.999990000000000268e-03 0.000000000000000000e+00 0.000000000000000000e+00 0.000000000000000000e+00 0.000000000000000000e+00 0.000000000000000000e+00 0.000000000000000000e+00 0.000000000000000000e+00 0.000000000000000000e+00 0.000000000000000000e+00 0.000000000000000000e+00 0.000000000000000000e+00 0.000000000000000000e+00 0.000000000000000000e+00 0.000000000000000000e+00 1.000000000000000000e+00 1.000000000000000000e+00 1.000000000000000000e+00 1.000000000000000000e+00 1.000000000000000000e+00 1.000000000000000000e+00 1.000000000000000000e+00
5.500761360491437935e-02 -2.879271350659416417e-01 3.866038649172849340e-01 2.395051057962230834e-01 -1.643215138547604592e-01 2.670489449820642847e+00 6.241975149741975371e-02 -5.174474877097325065e-02 -3.899992858437473231e-01 -1.384452596112945855e-01 -4.470696645997678242e-01 -2.008872092805724687e-05 -3.107351746793968208e-06 -6.340278899422261034e-03 -7.490114509721828955e-03 9.975906565538554815e-01 9.999459162347766883e-01 9.999997596397943722e-01 9.999999399099034347e-01 9.999621968488220380e-01 9.999390254468883965e-01 9.948710305532594278e-01
5.500662360491394244e-04 -1.969981217104259663e-01 8.851081659267246993e-01 2.483834614609843894e-01 -1.809636719945688643e-01 2.559990598628905101e+00 5.198689526758443202e-02 -4.276717389475766934e-02 -2.854425513935106018e-01 -3.221500230221160943e-01 -2.576828884356269223e-01 -2.102686697241698527e-05 -3.092287793895598110e-06 -6.554363375055908755e-03 -7.379555581385655212e-03 9.977163956722547855e-01 9.999439000839626113e-01 9.999997506799244151e-01 9.999999376699945097e-01 9.999607972012629631e-01 9.999370359857552293e-01 9.948693393978768063e-01
5.490762360491359424e-06 -1.943662552993110915e-01 8.890263260922085520e-01 2.471272177441034834e-01 -1.800043667914538459e-01 2.571232656914083758e+00 5.197871871981474962e-02 -4.277402419537458533e-02 -2.853613662247593830e-01 -3.236925831921521057e-01 -2.577164487106670676e-01 -2.103400437614780927e-05 -3.091314279705458347e-06 -6.556272162107251375e-03 -7.378752138845929252e-03 9.977171860456399699e-01 9.999438833562027673e-01 9.999997506055848806e-01 9.999999376514102645e-01 9.999607855887117092e-01 9.999370196698531554e-01 9.948693256304874666e-01
4.500762360491328165e-08 -1.943334690979536261e-01 8.890624692029149845e-01 2.471083067742431694e-01 -1.799809741230672944e-01 2.571397611728821087e+00 5.197850265134671549e-02 -4.277382201530879891e-02 -2.853593527509133976e-01 -3.237249061145659468e-01 -2.577154764264532050e-01 -2.103404854723240185e-05 -3.091307906136822541e-06 -6.556283629244917879e-03 -7.378747233918491952e-03 9.977171909467399402e-01 9.999438832525043841e-01 9.999997506051239160e-01 9.999999376512951343e-01 9.999607855167234050e-01 9.999370195685141072e-01 9.948693255452372153e-01
3.044647702495808715e-08 -1.138577734484864934e-01 8.493493607123685507e-01 1.856818071942578918e-01 -7.186568645793429966e-02 3.084138391591216610e+00 5.106717543199700698e-02 -4.002614982682649314e-02 -2.779214173803710164e-01 -4.198130155028376165e-01 -2.559031320321292768e-01 -2.146687342921258610e-05 -3.020169078932148074e-06 -6.672464108246625551e-03 -7.330575885075046004e-03 9.977725771189567272e-01 9.999428137371945136e-01 9.999997458520987204e-01 9.999999364630773879e-01 9.999600430506732085e-01 9.999359707695457677e-01 9.948684456139464949e-01
1.296526888844096354e-07 -1.005281968911506257e-01 8.383033147745632130e-01 1.758280269664182216e-01 -3.740497813634195701e-02 3.160121195752679135e+00 5.148912830825352893e-02 -4.226969565675924023e-02 -2.810342769618642267e-01 -3.911420121708958919e-01 -2.608913689875472230e-01 -2.162547591148298608e-05 -2.997039234355105940e-06 -6.717952624735718144e-03 -7.313646893899277551e-03 9.977963344279338065e-01 9.999424126708583715e-01 9.999997440697265816e-01 9.999999360174967045e-01 9.999597646274717144e-01 9.999355779886145434e-01 9.948681206577574265e-01
4.263837786348176498e-06 -1.009463512541810548e-01 8.386605949425779416e-01 1.760232094899557009e-01 -3.709515334274630927e-02 3.160282706544216058e+00 5.150722354548055437e-02 -4.232684345359599698e-02 -2.811942306923054802e-01 -3.912702297047464528e-01 -2.610098924027404177e-01 -2.210036369098320491e-05 -2.927876807317024310e-06 -6.854191202979094399e-03 -7.262965030826299545e-03 9.978646653107088316e-01 9.999412094704938081e-01 9.999997387226129408e-01 9.999999346807546541e-01 9.999589293572161974e-01 9.999343996971382653e-01 9.948671462531070153e-01
2.760242865509513551e-04 -1.018381882280620793e-01 8.368779902635914425e-01 1.766587211351741682e-01 -3.745515255880163541e-02 3.160158386127615238e+00 5.153918358595554333e-02 -4.239058797985672394e-02 -2.814956503306573765e-01 -3.914570380016716977e-01 -2.613027473323740191e-01 -2.351779455231750701e-05 -2.720904092071060227e-06 -7.260930207243553557e-03 -7.112116650468829765e-03 9.980443883880891764e-01 9.999375998563992951e-01 9.999997226812714635e-01 9.999999306705288360e-01 9.999564235402218504e-01 9.999308643167493793e-01 9.948642230373114792e-01
2.599525513506271892e-04 -1.024160782959009919e-01 8.381901141550371914e-01 1.779484634987737179e-01 -3.944675477411759001e-02 3.163254534345751434e+00 5.162968966071104782e-02 -4.262561961150992951e-02 -2.823162589955364732e-01 -3.918178902842907596e-01 -2.621574146005490324e-01 -2.771243571685348179e-05 -2.108170054117667271e-06 -8.465844885663448977e-03 -6.668879277092358560e-03 9.984069057579552098e-01 9.999267708969079571e-01 9.999996745572437007e-01 9.999999186398509377e-01 9.999489060328977663e-01 9.999202551411672246e-01 9.948554531928698319e-01
1.076123916286164303e-04 -1.028992112335661291e-01 8.414952715488415169e-01 1.802793084549682567e-01 -4.342017978699301561e-02 3.170079873377244173e+00 5.180169959538701019e-02 -4.308545182018784503e-02 -2.838818531672457901e-01 -3.925221241533295435e-01 -2.638731631919353782e-01 -3.980584073864874622e-05 -3.441660255737561080e-07 -1.195240458268275602e-02 -5.409190952294164016e-03 9.986946196176118562e-01 9.998942829631263240e-01 9.999995301851294371e-01 9.999998825478163544e-01 9.999263530030928493e-01 9.998884029753698499e-01 9.948291403419680101e-01
2.024542847118766841e-05 -1.018881230486025774e-01 8.435165304642650019e-01 1.826015670179631512e-01 -4.767635550991104060e-02 3.179191724866968549e+00 5.198630213241420966e-02 -4.358743899564886809e-02 -2.855977428332722723e-01 -3.935373850860846567e-01 -2.661537956069177091e-01 -7.215267220391530256e-05 4.340755383974328076e-06 -2.140023918851628737e-02 -2.105401485328760921e-03 9.982614203756785543e-01 9.997968096600730048e-01 9.999990970684907721e-01 9.999997742716978388e-01 9.998586893372596318e-01 9.997926558133047870e-01 9.947501593004315357e-01
5.815333151687931398e-05 -9.507196863129768749e-02 8.406184125220190761e-01 1.828875204629111795e-01 -4.971512590845895974e-02 3.190892598575409966e+00 5.207422438603707265e-02 -4.384340083395948939e-02 -2.864768802756422761e-01 -3.950100169184556642e-01 -2.688265913061762546e-01 -1.428107822391865348e-04 1.425929203197789827e-05 -4.297872817166129705e-02 4.935446660014643216e-03 9.971185820317381987e-01 9.995043041818467699e-01 9.999977977159171250e-01 9.999994494432041803e-01 9.996556571143994097e-01 9.995042377414058432e-01 9.945128468704418356e-01
5.710375679452491405e-05 -7.551816209301075167e-02 8.313155636294830009e-01 1.807107315349279208e-01 -5.021718326906095958e-02 3.213154163665387308e+00 5.209910364971303415e-02 -4.394889313086453725e-02 -2.868549844832415374e-01 -3.985966413802469743e-01 -2.738920180666786774e-01 -2.369107093481422164e-04 2.561102094331858131e-05 -7.685590148855991899e-02 1.367389762427148256e-02 9.904631217966175516e-01 9.986260164642972725e-01 9.999938996360296928e-01 9.999984749565848929e-01 9.990461890346109541e-01 9.986345490457311236e-01 9.937986904055343684e-01
6.526844695106375090e-05 -3.665777015053697102e-02 8.122235193245808116e-01 1.768657945710794266e-01 -4.577700896665022612e-02 3.245192614909529372e+00 5.215067419859352460e-02 -4.423169770303110593e-02 -2.875869531301250004e-01 -4.089438466000724914e-01 -2.841789143886161439e-01 -2.643857830714381615e-04 2.221165587434749622e-05 -1.060758338768017228e-01 1.391200457889714241e-02 9.500439929272284090e-01 9.959841804106808194e-01 9.999822052257802962e-01 9.999955514873832829e-01 9.972144323166057811e-01 9.960150557333199428e-01 9.916452125113763838e-01
7.986296642359245372e-05 1.402120789598600148e-02 7.881741186098030205e-01 1.747623326234333530e-01 5.647808968901331383e-03 3.237265320486390596e+00 5.245320022446163521e-02 -4.689792687114891639e-02 -2.899143663167079721e-01 -4.337884899507300496e-01 -2.986252743449136493e-01 -1.701594499195590963e-04 7.275720327073739518e-07 -1.180308074075636787e-01 -4.302032970087445174e-04 7.683362879175651416e-01 9.879950445552276861e-01 9.999471207765394665e-01 9.999867809999171131e-01 9.916887077196706590e-01 9.880951777500515121e-01 9.851345971025294856e-01
1.298560125691291666e-04 -1.988634489703148232e-03 8.092768670268861708e-01 1.809144033646268301e-01 3.994923857468808959e-01 3.001692902612671965e+00 5.511178699667457909e-02 -7.480013900170612295e-02 -3.039482782191356702e-01 -4.000095884084818310e-01 -2.916331716263096396e-01 3.597211010885732155e-05 1.345524537952758878e-05 -8.925117442275272428e-02 -2.522698244682106475e-02 8.673352979175666388e-03 9.656311185827241017e-01 9.998512935895021991e-01 9.999628263222208879e-01 9.763399276738224941e-01 9.659329539732562919e-01 9.672325386352688126e-01
1.265245800967555539e-04 5.848459016196536596e-03 8.055483622579752145e-01 1.753351001110639018e-01 3.540896514265476358e-01 3.074214420942654069e+00 5.459336532395962088e-02 -7.495613696432866513e-02 -2.985869306692339187e-01 -3.816175685419314068e-01 -2.843709293281561079e-01 2.585351918432491085e-05 8.401839199679341777e-06 -9.008332003773908414e-02 -2.730352109964460927e-02 8.673352979175725369e-03 9.663097396867699196e-01 9.998542015877297517e-01 9.999635532313861930e-01 9.768057001522627569e-01 9.666032579210762643e-01 9.677563330534701969e-01
1.261952063780917067e-04 5.197451310879215233e-03 8.058498162662572906e-01 1.752379517956479393e-01 3.581672703000868263e-01 3.073716985702146687e+00 5.461814938470525849e-02 -7.419146905936256642e-02 -2.991266241391756231e-01 -3.811962980317862293e-01 -2.835974173738835535e-01 2.285810056600992330e-05 9.561901879238578290e-06 -9.008038687064243155e-02 -2.667554603871265945e-02 8.673352979175617816e-03 9.662333876470809990e-01 9.998538744134271017e-01 9.999634714483076614e-01 9.767532980624642480e-01 9.665274950054866254e-01 9.676932474937223194e-01
1.261422345337767442e-04 4.709675764746164804e-03 8.060911419339843453e-01 1.750284635801420963e-01 3.598398795300113973e-01 3.074995341954503303e+00 5.464246075576389278e-02 -7.437327552744386894e-02 -2.993188803582575996e-01 -3.830486945576385138e-01 -2.844191632428306749e-01 2.463719423269944468e-05 1.055019786935043703e-05 -9.001895457581382543e-02 -2.677182818936059763e-02 8.673352979175742716e-03 9.662144752219014032e-01 9.998537933749033213e-01 9.999634511906468903e-01 9.767403167638928352e-01 9.665086670998516150e-01 9.676769428115856719e-01
1.048594894963608102e-04 6.016286703141426190e-03 7.987254928183445957e-01 1.778383679940300777e-01 2.025700973578911102e-01 3.119479111549531059e+00 5.378249361056810368e-02 -6.084903293642752314e-02 -2.969313222679218489e-01 -4.168990391796059125e-01 -2.951292229856116722e-01 -6.709366990535089417e-05 7.091408706117481367e-06 -1.036409909151582015e-01 -1.282859287191490463e-02 3.885048204483704248e-01 9.768130815689759494e-01 9.998992071830208328e-01 9.999748036610690560e-01 9.840143176967466321e-01 9.770140658616539575e-01 9.761835678688991491e-01
5.839396493908771257e-04 -1.006735936414273752e-01 8.588964455061837144e-01 1.353946180986209114e-01 8.062541258094612084e-01 3.292006458862450025e+00 6.818723032096331294e-02 -1.365457952787877682e-01 -4.043026231128628023e-01 -1.156138227176435884e-01 -2.687102284275914021e-01 -3.356329614853090009e-04 1.940797468272839306e-04 -6.964848523666293534e-02 1.386013809445652348e-02 7.180220670273187999e-02 8.982327962117582221e-01 9.995833962379030435e-01 9.998958615389771376e-01 9.312050347634084346e-01 8.993993471648055182e-01 9.167941945723497854e-01
7.410784283337615210e-04 -6.974507917679322044e-02 8.425653087858389068e-01 8.593510370755945427e-02 9.598673433305247027e-01 3.707698775670778879e+00 7.712912208499564382e-02 -1.762531240045561165e-01 -4.736867683148784924e-01 2.780678397558324910e-01 -2.529002328265512189e-01 -5.557179043797404270e-04 3.267746597947312191e-04 -7.291089320567584187e-02 1.899431797338578878e-02 5.138470827361145410e-02 8.982322225425578566e-01 9.995833939900028442e-01 9.998958609000464515e-01 9.312045592612265832e-01 8.993079495813988133e-01 9.142966553634928051e-01
6.986613385174087094e-04 -7.520222159291670150e-02 8.472668813306873936e-01 2.832451178420239413e-02 1.192375507375031951e+00 4.173919622564547183e+00 9.260153289493434914e-02 -2.168140812946117157e-01 -6.091793009480039878e-01 2.192881835548770031e-01 -3.140942333608817694e-01 -6.599127350207372204e-04 4.570316022954242505e-04 -7.057933566129426239e-02 2.740141938045402223e-02 3.050528612856795441e-02 8.982318208014333782e-01 9.995833951669451656e-01 9.998958601424019488e-01 9.312034872363790239e-01 8.992508938331714718e-01 9.121521839107173957e-01
3.443995694436190018e-04 -4.732865346914297278e-02 8.288109691622641551e-01 1.566164930463254945e-01 5.044121115836761593e-01 3.205742785205990319e+00 6.098486196576571178e-02 -9.869741410760765610e-02 -3.506169726903923256e-01 -2.662564309486247227e-01 -2.819197257066015094e-01 -2.013633156953299340e-04 1.005855777667007068e-04 -8.664473807591056842e-02 5.157726112708094224e-04 2.301535135755511108e-01 9.375229388903671968e-01 9.997413017104619382e-01 9.999353326000230968e-01 9.576096762300775334e-01 9.382067065132296824e-01 9.464888812206244673e-01
8.083140841495532053e-03 -6.049526688381016287e-02 7.588163163273744516e-01 1.575155389173451548e-01 5.018176978793907894e-01 3.199941372855572119e+00 6.352821305210548664e-02 -1.086550615639533812e-01 -3.715038859184749964e-01 -2.782835054550317211e-01 -2.908157240604219984e-01 -2.634946960743542654e-04 1.251831158088226390e-04 -8.818608612483544440e-02 3.227745508592711528e-03 2.673832338757443638e-01 9.082183611814889090e-01 9.996228707810738134e-01 9.999057297465919758e-01 9.378991337506332737e-01 9.092738004940583707e-01 9.245103455176156837e-01
4.991648748874210478e-04 -4.352314088412054249e-02 8.254914232953449726e-01 1.185093436617291884e-01 5.971011708537730112e-01 3.539349002715047821e+00 7.127993563834929269e-02 -1.248296677202850591e-01 -4.410998964672576683e-01 -4.936919936439230217e-01 -3.232177438272779146e-01 -2.900381559007597534e-04 1.509487712598112845e-04 -8.783993469338616245e-02 5.509801978077891182e-03 2.923237760521705253e-01 8.107779187878517702e-01 9.992674497973776937e-01 9.998169128206907397e-01 8.747621672604293241e-01 8.134837180787941602e-01 8.549171736155258827e-01
4.981748748874107828e-06 -4.788239898896171770e-02 8.332443818870755026e-01 4.845111431637418725e-02 6.987953259039194620e-01 4.175822194079019667e+00 8.887421389598938737e-02 -1.497911100797605088e-01 -6.045253978821801821e-01 -5.401676084636124475e-01 -4.053684245718096046e-01 -2.253229683875427030e-04 1.597928928360887709e-04 -8.550468718804668522e-02 9.857749740463976010e-04 2.919396078023420160e-01 8.010850509855064194e-01 9.992452283644479571e-01 9.998113624398381472e-01 8.696889552888377173e-01 8.036565856955055764e-01 8.301069347007596910e-01
1.551310388075715456e-05 -4.281792591295799366e-02 8.309088165432079176e-01 5.966976603508859084e-02 6.825851199542846137e-01 4.075728751505074854e+00 9.755226711996453637e-02 -1.652599881696169004e-01 -6.843430905536824760e-01 -4.052299525738903840e-01 -4.565933454308834794e-01 -2.600401718930829488e-04 1.868408091977484065e-04 -8.602911640956499573e-02 2.997849377061630530e-03 2.996530387747401436e-01 6.705601381133651229e-01 9.988452032919895585e-01 9.997114300042059254e-01 7.914623685705383105e-01 6.763303518304886186e-01 7.347827498516665834e-01
5.633266523661658145e-04 -1.666834531798572910e-02 8.153871080897692192e-01 -1.394601340060637185e-01 1.025757165200776422e+00 5.854627388130117183e+00 1.465015831794514167e-01 -2.295211608442504769e-01 -1.139780754050279121e+00 -1.191517526246102632e+00 -6.582977279695833017e-01 -2.096966697989393409e-04 2.001069770049257175e-04 -8.181100175324239332e-02 -1.465710778210921154e-02 3.088566612423592206e-01 6.804591481133739211e-03 9.980517862374670424e-01 9.995133998571453793e-01 5.686173895500226116e-01 8.801320800699162505e-02 4.272911706966656120e-01
6.501491801521461916e-03 9.394983998353857724e-02 6.900653182679781228e-01 -3.755209331598319822e-01 9.531252873291045091e-01 8.105380087448082804e+00 1.560414398010162296e-01 -1.136679199324410194e-01 -1.274319271669317244e+00 -2.473713323797753105e+00 -7.109907342479819814e-01 4.456466996176605255e-04 8.481208561025098511e-05 -1.105973354339434694e-01 -6.671503961476797639e-02 3.382558738872282200e-01 1.670360148113379925e-04 9.976071959014434221e-01 9.994024418659107623e-01 4.129455571020926863e-01 2.351580179527551495e-02 2.775770203581209294e-01
3.532409226943813811e-03 3.864074733277642060e-02 7.527262131788736710e-01 -2.574905335829478226e-01 9.894412262649404655e-01 6.980003737789099993e+00 1.512715114902338231e-01 -1.715945403883457343e-01 -1.207050012859798072e+00 -1.832615425021927980e+00 -6.846442311087826971e-01 1.179750149093605787e-04 1.424595313075883378e-04 -9.620416859359293138e-02 -4.068607369843859484e-02 3.235562675647937203e-01 3.485813747972538873e-03 9.978294910694551767e-01 9.994579208615280708e-01 4.907814733260577045e-01 5.576450490113357000e-02 3.524340955273932985e-01
1.314551371140922909e-01 -1.543203783973448040e-01 -3.984507129370298273e-01 -8.146941939387214449e-02 5.356521652824028923e-01 5.468411645492389894e+00 1.256623988337506326e-01 -7.498379126304917375e-02 -1.004159642280685771e+00 -1.876966049901016342e+00 -7.475716221583393883e-01 2.390797607071354185e-04 1.244550351171036561e-04 -9.002462400367709783e-02 -5.254805670487734670e-02 3.415703028440057465e-01 3.418164885752600617e-03 9.978083739895631243e-01 9.994526495055884308e-01 4.839823348722331886e-01 1.507115031080867758e-02 3.444183187175320349e-01
1.314541471140926853e-03 1.606633195232163025e-01 7.076571305622202379e-01 -8.258391573083145865e-02 -9.257447575441333718e-03 5.733817774057971661e+00 1.270445820818854876e-01 -2.386611898313262606e-02 -1.044890989995029829e+00 -1.981230582124745787e+00 -8.262515442353705053e-01 2.377079998007402238e-04 7.564432339093475469e-05 -1.142979647412828148e-01 -5.111463418323945046e-02 3.173313800885223523e-01 3.190013770006655449e-03 9.978075613458821103e-01 9.994524466521909067e-01 4.837204689552345727e-01 3.057308323537100657e-03 3.441185945544383840e-01
5.058994291840986091e-02 5.569842083347126271e-03 3.110079833379668646e-01 -6.832332217047373812e-02 -2.337570503611547529e-02 5.615951141271520619e+00 1.257945162479448264e-01 3.006376662621143558e-04 -1.042541360466726630e+00 -1.982471554088102383e+00 -8.238320941252609275e-01 2.377162770728229494e-04 7.561626495901450223e-05 -1.130994446943077436e-01 -5.110775808867613901e-02 3.174686194491373459e-01 3.320839886669659478e-03 9.978075555458714163e-01 9.994524452043690443e-01 4.837186002132372598e-01 2.425093597435098915e-03 3.441167735492254298e-01
5.353165498664210625e-02 2.519935812918747565e-03 2.798396760437352193e-01 -6.687834551471552591e-02 -9.321198869109210972e-03 5.582648499104958084e+00 1.255476693421928858e-01 3.922777592025811742e-03 -1.041350959931237385e+00 -1.986589880173602163e+00 -8.200881861060419498e-01 2.377601980098099921e-04 7.563310487655068028e-05 -1.116131323542833426e-01 -5.108778859260410671e-02 3.179563902866980873e-01 3.536764890357894150e-03 9.978075381458531012e-01 9.994524408609037902e-01 4.837129939402016743e-01 3.067779826405857453e-03 3.441115097754940955e-01
5.672432813673235208e-02 -1.538222353792680162e-03 2.498459324361673173e-01 -6.836438698571251082e-02 -4.187564785416084991e-03 5.584922761452982165e+00 1.254954306484023507e-01 5.109603773651148241e-03 -1.041447911608099242e+00 -1.993805686836124469e+00 -8.169620939258507297e-01 2.379047038272230565e-04 7.566989898374883530e-05 -1.079910778394157916e-01 -5.102317355718707925e-02 3.193249619334488920e-01 3.760445995033570576e-03 9.978074859458001544e-01 9.994524278305078058e-01 4.836961745206240226e-01 3.970658805342728442e-03 3.440957348190495368e-01
5.883164345210022822e-02 -3.998965894410181493e-03 2.310093769887817117e-01 -7.103199466028246867e-02 3.080731115599197496e-03 5.606107524246511709e+00 1.258130970312128782e-01 5.417989410762117687e-03 -1.044447772522806295e+00 -2.006886737310566549e+00 -8.152472817294412755e-01 2.384622258349353824e-04 7.544792667366846174e-05 -1.056063184456790677e-01 -5.094728847617137346e-02 3.232639549404163204e-01 3.904149227615772138e-03 9.978073293456043436e-01 9.994523887393158557e-01 4.836457109026778833e-01 5.209254097202336425e-03 3.440483593312094190e-01
6.042234688011847293e-02 -5.722335072826048412e-03 2.171925753916017221e-01 -7.618368418002202658e-02 2.604617208054818209e-02 5.645412757907288359e+00 1.264204338329390498e-01 3.485944681970876841e-03 -1.049198903305189390e+00 -2.029513313695687771e+00 -8.128232062411936409e-01 2.408192158400025544e-04 7.385905352869060695e-05 -1.033343058855123037e-01 -5.120177545819967757e-02 3.319187022275155163e-01 3.939105613938655159e-03 9.978068595446346611e-01 9.994522714657174678e-01 4.834942722611018651e-01 6.848154535269491451e-03 3.439061066540825551e-01
6.185172190786756424e-02 -7.352410129249233040e-03 2.053163732998467550e-01 -8.492676278624079755e-02 8.450802418076409916e-02 5.703141921007089721e+00 1.274028645522026770e-01 -3.476019691206991280e-03 -1.055284542212746812e+00 -2.069779798615517752e+00 -8.084534728541243886e-01 2.498623723887027199e-04 6.966923171739353670e-05 -1.003714193416823941e-01 -5.241171427010980766e-02 3.455971852755816975e-01 3.885156454394089916e-03 9.978054501387884079e-01 9.994519196447761988e-01 4.830395278992054564e-01 8.972766562042232275e-03 3.434799255204892265e-01
6.340418330735952956e-02 -1.034264770848324598e-02 1.934265069673142545e-01 -9.691898560921771710e-02 2.030761484983334975e-01 5.764923150341270564e+00 1.288366104796879741e-01 -1.996781287477084402e-02 -1.061319593031709863e+00 -2.146102005040594563e+00 -8.015409741605608041e-01 2.717595391595873083e-04 6.459547396861575286e-05 -9.646002492030852915e-02 -5.422625983041873959e-02 3.591475867317038273e-01 3.735587661319400999e-03 9.978012219019152251e-01 9.994508641808567129e-01 4.816714300642964131e-01 1.166771961955241632e-02 3.422124572072740567e-01
6.501213980448607155e-02 -1.719415394311299417e-02 1.828718633659326132e-01 -1.056668342517051717e-01 3.840152446136169684e-01 5.768000673491625818e+00 1.303333732964687686e-01 -4.871954037563676343e-02 -1.062521394511147799e+00 -2.308070667724709590e+00 -7.953134404805494162e-01 2.889647640791666435e-04 6.100789175720405745e-05 -9.249219093780074175e-02 -5.472181523129332481e-02 3.691403238490473249e-01 3.506432659442215542e-03 9.977885370552075361e-01 9.994476977794237715e-01 4.775318638890602152e-01 1.500254147952598954e-02 3.385063747900254882e-01
6.553825866956587698e-02 -2.648371530496842347e-02 1.830413965259270748e-01 -9.259929702102452642e-02 5.358646627209682212e-01 5.576207216330644201e+00 1.302123885492018629e-01 -7.675559277918089784e-02 -1.049329750836216935e+00 -2.707025154832561231e+00 -8.023659714017922218e-01 2.720874491856793329e-04 5.988387638094754407e-05 -9.023738331572345173e-02 -5.274157369775510362e-02 3.730131050102586387e-01 3.311003194914198360e-03 9.977504812000561607e-01 9.994381984840555733e-01 4.647809418715663776e-01 1.900545694175388017e-02 3.280296647967642087e-01
6.264523019775246337e-02 -3.070534022462812623e-02 2.126997662507220110e-01 -2.828482710459966076e-02 5.300652120262177025e-01 4.958309240735980339e+00 1.258319230436630576e-01 -8.173454297975919769e-02 -1.006629502207512905e+00 -3.901339849286121542e+00 -8.507136333275949758e-01 2.365191902434255356e-04 6.587903913070603760e-05 -9.103421734410184485e-02 -4.960444864376016560e-02 3.654301302413155428e-01 3.009159443225021754e-03 9.976363000643997392e-01 9.994096997619645872e-01 4.230685911636238861e-01 2.361886596278329684e-02 3.017007371183875741e-01
5.795675340422980215e-02 -3.032083011634398653e-02 2.566754153575777075e-01 8.059839431394545672e-02 3.948351484763277797e-01 3.962938946336060031e+00 1.170970715589565170e-01 -6.058207605161299025e-02 -9.352907414015273480e-01 -7.718859368167933610e+00 -9.745769135614180678e-01 1.978437096997071065e-04 9.270178755342939141e-05 -9.446428617252901339e-02 -4.576552951155196669e-02 3.556014857071109758e-01 2.438650255471388507e-03 9.972936335204590774e-01 9.993241962004839607e-01 2.434102103723628507e-01 2.760442942123637541e-02 2.608044326293660897e-01
5.896450977936004006e-02 -3.189894000586161737e-02 2.475228140944452648e-01 7.791574643891015228e-02 3.939021064115287851e-01 3.989441216872164020e+00 1.168819981752604736e-01 -5.691415012117549688e-02 -9.355660904212748097e-01 -8.930578619190345790e+00 -1.000533466435574281e+00 1.914418943213599001e-04 1.012669199626155427e-04 -9.466560233436648042e-02 -4.505299242030801760e-02 3.579801465338515731e-01 2.456361088616000176e-03 9.971651168626018968e-01 9.992921313410867423e-01 1.196862214424538468e-01 2.865856306163710315e-02 2.542893303574589314e-01
5.902102023234986200e-02 -3.200281803774687739e-02 2.470064688879111403e-01 8.077800258872931682e-02 3.904928654227083351e-01 3.963209813347595478e+00 1.166567188159232937e-01 -5.541049526343543724e-02 -9.342893015982342009e-01 -9.340522686615626569e+00 -1.008725296964647411e+00 1.909988349615288213e-04 9.455785009492449007e-05 -9.470354074940351419e-02 -4.493969965953496098e-02 3.585359361624527175e-01 2.448901797892961193e-03 9.971205035466006450e-01 9.992810007435739550e-01 1.295852314424545326e-03 2.893822880468021816e-02 2.525201086409799012e-01
5.899276500585495103e-02 -3.195087902180424738e-02 2.472646414911781887e-01 7.934687451381973455e-02 3.921974859171185601e-01 3.976325515109879749e+00 1.167693584955918906e-01 -5.616232269230546359e-02 -9.349276960097545608e-01 -9.135550652902987068e+00 -1.004629381700110846e+00 1.912203646414443472e-04 9.791238502877002315e-05 -9.468457154188499036e-02 -4.499634603992148929e-02 3.582580413481521453e-01 2.452631443254480684e-03 9.971428102046012709e-01 9.992865660423302376e-01 6.049103687843919441e-02 2.879839593315866239e-02 2.534047194992193885e-01
5.901140807680064354e-02 -3.193532183660333784e-02 2.470775848314485379e-01 7.940720636415414535e-02 3.920931453737141470e-01 3.975773907291347165e+00 1.168918557047634865e-01 -5.599394502412283897e-02 -9.362611919451273579e-01 -9.204992670955544298e+00 -1.006866276076165079e+00 1.913201466070288761e-04 1.007127645781068752e-04 -9.468101094951565655e-02 -4.500287008173321085e-02 3.583907568410537037e-01 2.455392341150199921e-03 9.971357584798755669e-01 9.992848066934979512e-01 7.039004687843995701e-04 2.884853643869885950e-02 2.531037603648494394e-01
5.900208654132779729e-02 -3.194310042920379261e-02 2.471711131613133494e-01 7.937704043898693995e-02 3.921453156454163258e-01 3.976049711200613679e+00 1.168306071001776886e-01 -5.607813385821414781e-02 -9.355944439774409593e-01 -9.170271661929266571e+00 -1.005747828888137851e+00 1.912702556242366252e-04 9.931257480343844916e-05 -9.468279124570032346e-02 -4.499960806082735354e-02 3.583243990946028967e-01 2.454011892202340520e-03 9.971392843422384189e-01 9.992856863679140389e-01 3.059746867361180095e-02 2.882346618592876095e-02 2.532542399320343862e-01
5.900900745791286262e-02 -3.185721046494187358e-02 2.470702999984626391e-01 7.872180000643290432e-02 3.927986332081874199e-01 3.982075136681790362e+00 1.171206124707981355e-01 -5.614616554438515289e-02 -9.384455663927375735e-01 -9.191842390177974664e+00 -1.007775877574851764e+00 1.915010167889304702e-04 9.812919648814654914e-05 -9.466663081147744241e-02 -4.504432404891105246e-02 3.583914397609201385e-01 2.460541900508022867e-03 9.971376658198518594e-01 9.992852825570474051e-01 4.049647867361190761e-04 2.882069339857251666e-02 2.531751853896503368e-01
5.900554699962032995e-02 -3.190015544707282963e-02 2.471207065798879943e-01 7.904942022270992907e-02 3.924719744268018728e-01 3.979062423941202020e+00 1.169756097854879190e-01 -5.611214970129965035e-02 -9.370200051850892109e-01 -9.181057026053620618e+00 -1.006761853231494808e+00 1.913856362065835613e-04 9.872088564579249237e-05 -9.467471102858887599e-02 -4.502196605486920300e-02 3.583579194277615176e-01 2.457276896355181477e-03 9.971384750810450281e-01 9.992854844624806665e-01 1.550121673017395771e-02 2.882207979225064054e-02 2.532147126608423893e-01
5.925830733977500292e-02 -3.142529266939773219e-02 2.445180926520162945e-01 7.243500727269053252e-02 4.000711652062962087e-01 4.039557565870444122e+00 1.199270435350396902e-01 -5.710590987480822917e-02 -9.658965112373567585e-01 -9.375347825747592623e+00 -1.027023254441388644e+00 1.951237664797363515e-04 8.993065762761921831e-05 -9.448931376945561567e-02 -4.547905916171229163e-02 3.591492546333474589e-01 2.514354200000578059e-03 9.971268812837820184e-01 9.992825919125680745e-01 2.540022673017396874e-04 2.837272361877860721e-02 2.524540086526962379e-01
5.926847341657712903e-02 -3.144896010309396889e-02 2.444278790871055318e-01 7.252773307262706803e-02 3.999805433128040821e-01 4.038700279827137862e+00 1.199792521027155112e-01 -5.713649836282892053e-02 -9.664094450950062587e-01 -9.374016305795173309e+00 -1.027570243243381309e+00 1.951499860302214869e-04 8.966129938375307995e-05 -9.449311956157871450e-02 -4.547836723150261440e-02 3.591367173219437436e-01 2.512868629236094352e-03 9.971268952662133422e-01 9.992825954009251221e-01 2.540022673017408258e-04 2.835172716396153550e-02 2.524430232826399556e-01
5.926874752857393125e-02 -3.144912310591921334e-02 2.444252811191082730e-01 7.253038215577485570e-02 3.999788392168792672e-01 4.038675344813080770e+00 1.199801219271968422e-01 -5.713678970789673461e-02 -9.664182001804118016e-01 -9.373996838477514970e+00 -1.027582597385351404e+00 1.951508808121721686e-04 8.965841507353359630e-05 -9.449313133923543939e-02 -4.547833607688286234e-02 3.591369284062004286e-01 2.512863099795115476e-03 9.971268954879850543e-01 9.992825954562516433e-01 2.540022673017383863e-04 2.835140323397845885e-02 2.524429728722679123e-01
5.926875255673160620e-02 -3.144912786137064875e-02 2.444252338683111925e-01 7.253046606524649054e-02 3.999787604002859598e-01 4.038674566634116836e+00 1.199801333650356988e-01 -5.713678731036446468e-02 -9.664183204335946575e-01 -9.373996471328283064e+00 -1.027582827699357715e+00 1.951508777497087998e-04 8.965834584546129274e-05 -9.449313243638517157e-02 -4.547833383504006760e-02 3.591369300073073978e-01 2.512862870514694872e-03 9.971268954890557534e-01 9.992825954565188740e-01 2.540022673017407174e-04 2.835140104539459263e-02 2.524429745045623785e-01
5.913192716969766644e-02 -3.166272405823528091e-02 2.458193996159521444e-01 7.574221374770022386e-02 3.962715698165490408e-01 4.009309994905822627e+00 1.184513266602637976e-01 -5.660902978805393976e-02 -9.514582582112229847e-01 -9.278202425900605732e+00 -1.016892553836441726e+00 1.932547013431599699e-04 9.432577163670585534e-05 -9.458201239902223889e-02 -4.525051260829074384e-02 3.587535870305544883e-01 2.485815548177879985e-03 9.971326781824135788e-01 9.992840381875243150e-01 7.877609498737848590e-03 2.859740170551462388e-02 2.528343606567693413e-01
5.975356232304974979e-02 -3.149268341463085097e-02 2.398138757829710588e-01 6.951251226029296626e-02 4.046367823425688348e-01 4.065725018462346796e+00 1.223304347131325687e-01 -5.645144191370271569e-02 -9.903932122650006553e-01 -1.008513011613409915e+01 -1.054781910261709754e+00 2.011379745588329074e-04 7.893847921558202042e-05 -9.429807032559735236e-02 -4.577448734890994519e-02 3.607077221265427847e-01 2.547455982881456464e-03 9.970716771975609571e-01 9.992688195130985385e-01 8.810008868553844547e-03 2.770596729860859420e-02 2.495346977906834074e-01
6.007536811554622935e-02 -3.227958804851508573e-02 2.370252970067268095e-01 8.333381909422278577e-02 3.909649238162687390e-01 3.937703576514659076e+00 1.235504620111322061e-01 -5.072999006746857498e-02 -1.006781693168637304e+00 -1.216531883860459118e+01 -1.118296117960181801e+00 2.072967639920907437e-04 6.591342318342197039e-05 -9.435535535338220037e-02 -4.561056150916238672e-02 3.615610832956132614e-01 2.508683425862430656e-03 9.968886403079271208e-01 9.992231613451181271e-01 8.993041983538348216e-03 2.677928723816281123e-02 2.436474020315441413e-01
6.028217251766046503e-02 -3.375119030463930025e-02 2.358376397448085915e-01 1.194035057298624969e-01 3.519805288728428128e-01 3.605070582929863043e+00 1.211880837629133734e-01 -3.494715157770836300e-02 -9.941089931817916892e-01 -1.656396102323020614e+01 -1.223609248239463376e+00 2.123786159848528793e-04 6.345317886821901399e-05 -9.412307036572023500e-02 -4.509948770182775624e-02 3.612319860188727416e-01 2.325505902307789963e-03 9.963392257045471379e-01 9.990861678660032386e-01 8.504830385596649778e-03 2.541547867780870329e-02 2.389998901698695555e-01
6.099924435565824699e-02 -3.522129711374063360e-02 2.309120102025234433e-01 1.430700370238059127e-01 3.274804832336459803e-01 3.385992101615991512e+00 1.203558745909127786e-01 -1.855993260176934737e-02 -9.966898577961780248e-01 -2.168108624590720979e+01 -1.335264422508657844e+00 2.270566914617774053e-04 5.674784227674142605e-05 -9.135940992177915554e-02 -4.529330294243277127e-02 3.606354530872642461e-01 2.244459277642256272e-03 9.946882518679364127e-01 9.986750177554651886e-01 8.005782973924931503e-03 2.432257748822947568e-02 2.414005542072563404e-01
6.168140043301582887e-02 -3.640400991962556426e-02 2.288652508348212600e-01 1.518114566821641698e-01 3.194825400062945020e-01 3.304431588416335330e+00 1.204557675916593379e-01 -8.638628803645007070e-03 -1.004050797087693958e+00 -2.504015403436190113e+01 -1.401657996831666475e+00 2.385578208544860269e-04 5.197463888768041787e-05 -8.335997698196573324e-02 -4.512616872857187073e-02 3.601166464202327222e-01 2.243968798114171805e-03 9.897105470398305238e-01 9.974400416946944681e-01 7.918545367494363857e-03 2.421956598214178996e-02 2.461472977812779739e-01
6.297855631653853647e-02 -3.868077188059884652e-02 2.283469259012479435e-01 1.542539064997681675e-01 3.178042325689530712e-01 3.281238781021742934e+00 1.205617016450748202e-01 -4.926389486599683926e-03 -1.007453800917675668e+00 -2.633007315552489302e+01 -1.425883034910540026e+00 2.445296163947127265e-04 5.056736493903051151e-05 -6.166901013233182932e-02 -4.340946911626717558e-02 3.601316497895770130e-01 2.247695909686124680e-03 9.745484254975257388e-01 9.937212951061187294e-01 7.924843445869382205e-03 2.426113047182048080e-02 2.479687435907374227e-01
6.613130354657070775e-02 -4.430817019997441986e-02 2.287729876915808591e-01 1.541120010205189739e-01 3.190356786627854824e-01 3.281605946165460530e+00 1.205957571698803854e-01 -4.462717559570969147e-03 -1.008114150468566228e+00 -2.651169939293132671e+01 -1.429358506361608994e+00 2.509845793312831357e-04 5.027210789426853424e-05 -5.778452378656193100e-03 -3.862233247520062418e-02 3.604196802542898315e-01 2.247900003854452072e-03 9.268197953804879763e-01 9.824367417399245683e-01 7.926550104629094540e-03 2.427011287916222559e-02 2.477925396935840296e-01
7.243259169465485203e-02 -5.555366869657196033e-02 2.298061076856575125e-01 1.529886818822697725e-01 3.223506106959140860e-01 3.289728734052354664e+00 1.206325016114599830e-01 -4.644942653591138670e-03 -1.008426289394289022e+00 -2.649152788890330257e+01 -1.429170205641921321e+00 2.628174956053036916e-04 5.006347330013518677e-05 1.063587123418950203e-01 -2.971481565033658179e-02 3.610996619437785715e-01 2.247553314686205270e-03 7.570484017292221646e-01 9.473691851466553571e-01 7.926158824690370669e-03 2.427786727558720742e-02 2.469147350040894195e-01
6.908003956226667353e-02 -4.957890465433681393e-02 2.292730238785143648e-01 1.536241809236945088e-01 3.204868142048935553e-01 3.285249261398117238e+00 1.206132009156292151e-01 -4.536456701315289171e-03 -1.008270010572698494e+00 -2.650627668783391755e+01 -1.429349033704082839e+00 2.564953220992635782e-04 5.016938038311876839e-05 4.668859222312103652e-02 -3.412880027493420121e-02 3.607441871974983449e-01 2.247716287648150388e-03 2.240963419768513681e-03 8.955371504772651203e-01 7.926293342171921927e-03 2.427321082375123729e-02 2.473652682570480765e-01
7.075631562846076972e-02 -5.256628667545438366e-02 2.295395657820859525e-01 1.533064314029821407e-01 3.214187124504038207e-01 3.287488997725235951e+00 1.206228512635445921e-01 -4.590699677453214354e-03 -1.008348149983493869e+00 -2.649890228836860828e+01 -1.429259619673002080e+00 2.596564088522836078e-04 5.011642684162697758e-05 7.652365228250802842e-02 -3.192180796263539150e-02 3.609219245706384305e-01 2.247634801167177829e-03 3.796446825744953513e-01 9.214531678119602942e-01 7.926226083431147165e-03 2.427553904966922582e-02 2.471400016305687619e-01
7.040285866224310629e-02 -5.193233126524920279e-02 2.294944416201563087e-01 1.533248755937512975e-01 3.213169524346115580e-01 3.287178706589811927e+00 1.206205697774620639e-01 -4.580111303030741550e-03 -1.008328681201314136e+00 -2.649948341458151901e+01 -1.429287405712758696e+00 2.588189060996513250e-04 5.010730422634109970e-05 7.031159708441496459e-02 -3.290738585041882991e-02 3.609362383037053035e-01 2.247682108519851070e-03 3.232447151923187323e-01 9.163485042065404595e-01 7.926230367053201456e-03 2.427604180900884423e-02 2.471674539373860391e-01
6.366897118932823840e-02 -3.994411584238016788e-02 2.284710234444774779e-01 1.546093864836117215e-01 3.174880838523818638e-01 3.278212338265860559e+00 1.205817341165867779e-01 -4.365891889633933577e-03 -1.008011920592702504e+00 -2.652769285166608171e+01 -1.429649323957790985e+00 2.458953796520502925e-04 5.030033044278979921e-05 -4.947457767875153983e-02 -4.162062028553518284e-02 3.602890429025314978e-01 2.248022132542687457e-03 1.013981305952580281e-03 9.027967752105880983e-01 7.926484960792293949e-03 2.426684471851883740e-02 2.480163286115295573e-01
6.366729126699414987e-02 -3.993247498036620741e-02 2.284629484974065317e-01 1.545497706814114303e-01 3.176399295888955865e-01 3.278401502754505703e+00 1.205817598901225973e-01 -4.366255006378514346e-03 -1.008012161651356209e+00 -2.652716199941162856e+01 -1.429659911888812696e+00 2.458218973358295193e-04 5.027702741147366456e-05 -4.944703138483522858e-02 -4.225687150186035329e-02 3.602808149449809316e-01 2.248029681841934822e-03 1.013981305952616494e-03 9.027967862848464975e-01 7.926473915021468170e-03 2.426700428856221059e-02 2.480154748212210214e-01
6.366731440164755118e-02 -3.993249924092620584e-02 2.284628880645571958e-01 1.545498314693217745e-01 3.176398750237338642e-01 3.278400801957180644e+00 1.205817554367629579e-01 -4.366233246935984427e-03 -1.008012126814732179e+00 -2.652716396862375348e+01 -1.429659923317618597e+00 2.458214256330442890e-04 5.027718295054869240e-05 -4.944670423339586618e-02 -4.225710132401710312e-02 3.602807952608418907e-01 2.248029682650432622e-03 1.013981305952579414e-03 9.027967861371736236e-01 7.926473938085041790e-03 2.426700455221453626e-02 2.480155252073180938e-01
6.703591492578567235e-02 -4.593822355381468880e-02 2.289827325323169072e-01 1.539671310386815095e-01 3.194025181434967386e-01 3.282695522427836465e+00 1.206011519470244209e-01 -4.473001596332337564e-03 -1.008170300897008431e+00 -2.651358813312380036e+01 -1.429468364835274841e+00 2.523571428758507817e-04 5.020381733456545284e-05 1.041850970283171238e-02 -3.726400306797700984e-02 3.606126406031183729e-01 2.247852120531269263e-03 1.621293482491356630e-01 9.095726397085643899e-01 7.926357663922748570e-03 2.427144326376384081e-02 2.475918912744578260e-01
6.146219670381748712e-02 -3.606044611045734760e-02 2.283598646679500521e-01 1.549642270691680979e-01 3.160701572398999515e-01 3.275711098048532222e+00 1.205681167512923369e-01 -4.307829277732893106e-03 -1.007892235230073208e+00 -2.653056874134501442e+01 -1.429832737708627066e+00 2.403338686639409807e-04 5.023256854040446224e-05 -8.827857376849845839e-02 -4.495722362532415112e-02 3.604763029330506630e-01 2.248249297054336765e-03 5.582782318770484293e-04 9.079973190293475493e-01 7.926447752665330762e-03 2.426662422417642101e-02 2.480176928220457488e-01
6.146202688472181958e-02 -3.605836549554540527e-02 2.283589196757443429e-01 1.549511500919547868e-01 3.161030441149151327e-01 3.275755311499844336e+00 1.205681256437839965e-01 -4.307877701763362585e-03 -1.007892354557456072e+00 -2.653044522712170306e+01 -1.429835363110423696e+00 2.403209521182784547e-04 5.022798124683480178e-05 -8.826807461561754498e-02 -4.509130570324898502e-02 3.604750789993072524e-01 2.248251403785650904e-03 5.582782318770629576e-04 9.079973189213251805e-01 7.926445036254366541e-03 2.426666378952254538e-02 2.480171146951962169e-01
6.146202765489085229e-02 -3.605836571356390435e-02 2.283589155083441125e-01 1.549511553064631675e-01 3.161030405333829507e-01 3.275755260574142014e+00 1.205681253689008386e-01 -4.307876355360161849e-03 -1.007892352410969083e+00 -2.653044537118477564e+01 -1.429835363105039336e+00 2.403209296618771871e-04 5.022799452684476701e-05 -8.826806793926861294e-02 -4.509130863634143449e-02 3.604750780955255363e-01 2.248251403090319959e-03 5.582782318770522240e-04 9.079973189185661653e-01 7.926445038520586739e-03 2.426666380037977369e-02 2.480171188992804920e-01
6.424905581480158667e-02 -4.099933483213601820e-02 2.286712986001334658e-01 1.544656790539248037e-01 3.177363376916983451e-01 3.279203310238184343e+00 1.205846343491583789e-01 -4.390415437032615768e-03 -1.008031268063540820e+00 -2.652207843723440917e+01 -1.429650551271951064e+00 2.463455057698958812e-04 5.021819293748495754e-05 -3.893003203283337127e-02 -4.111061334665058048e-02 3.605444717680845179e-01 2.248050708792803231e-03 8.134381324050635187e-02 9.087849793689559696e-01 7.926402708294038799e-03 2.426903374397013091e-02 2.478047920482517874e-01
6.372916028628052010e-02 -4.018013431056050022e-02 2.290594498404280865e-01 1.545431772081238275e-01 3.168654091223394587e-01 3.278892534082376020e+00 1.205790823338700052e-01 -4.376263647956798487e-03 -1.007980945131804473e+00 -2.651938652608381020e+01 -1.429928630129855938e+00 2.428059174512200470e-04 4.996708609237504128e-05 -4.734833928895439137e-02 -4.182067259414248145e-02 3.612766019404721751e-01 2.248241436579356649e-03 6.760754461447096575e-02 9.085134583267622244e-01 7.926061496343402013e-03 2.427248902645908965e-02 2.473709617031710495e-01
6.097882150750634500e-02 -3.564155080304663714e-02 2.301803795049338075e-01 1.549885240162555688e-01 3.133225298207534815e-01 3.276950090638415691e+00 1.205580019889164745e-01 -4.337573869857222660e-03 -1.007772727393178247e+00 -2.650188473862716521e+01 -1.430662245382051223e+00 2.291816390282955165e-04 4.922852295160934073e-05 -9.361635340058153953e-02 -4.481828554672057791e-02 3.636849275101205481e-01 2.248971738040853041e-03 2.909301985968632464e-04 9.079779782515072784e-01 7.925196601850073921e-03 2.428155539361990384e-02 2.458861415921821114e-01
6.097808390686510621e-02 -3.564019768837985852e-02 2.301867574725172116e-01 1.549769557610015114e-01 3.133428112233420659e-01 3.277017171904285764e+00 1.205580522946099603e-01 -4.337477742696479142e-03 -1.007773460480866135e+00 -2.650172770714646475e+01 -1.430666991401284394e+00 2.291864501059946691e-04 4.923262278924796020e-05 -9.360946703927743029e-02 -4.488933908197653699e-02 3.636875647672888623e-01 2.248976879700848811e-03 2.909301985968545186e-04 9.079779775978820133e-01 7.925191277827994818e-03 2.428160313681697324e-02 2.458814731614543947e-01
6.097808530734484533e-02 -3.564019654254910879e-02 2.301867435388387506e-01 1.549769679385292753e-01 3.133428208109478863e-01 3.277017047414285678e+00 1.205580518901400444e-01 -4.337475699300210978e-03 -1.007773457224518499e+00 -2.650172788972855642e+01 -1.430666981047814312e+00 2.291864722088139184e-04 4.923266996823562585e-05 -9.360946613859502663e-02 -4.488934353888265200e-02 3.636875630695007300e-01 2.248976871821113752e-03 2.909301985968559281e-04 9.079779775975831413e-01 7.925191288165336911e-03 2.428160308191545588e-02 2.458814872657753003e-01
6.235399089689343255e-02 -3.791084255680356868e-02 2.296199146726809470e-01 1.547658506121896982e-01 3.150939694715464978e-01 3.277921312360395856e+00 1.205685421613932468e-01 -4.356918758907010573e-03 -1.007876836262491249e+00 -2.651063563235548770e+01 -1.430295437755953580e+00 2.359937782397577817e-04 4.959780452199219101e-05 -7.048234634476796545e-02 -4.331947907043152968e-02 3.624807647252963894e-01 2.248606587310104845e-03 3.394923740653391780e-02 9.082457182891346958e-01 7.925629049096738835e-03 2.427702221003949501e-02 2.466285516476765804e-01
6.017956379599564282e-02 -3.548228774749886960e-02 2.354258504759164095e-01 1.552931968797748308e-01 3.050455125495982189e-01 3.279054278904308450e+00 1.205237496514668938e-01 -4.294327411761572448e-03 -1.007454664566897140e+00 -2.645892762244192653e+01 -1.433606353341714712e+00 1.985638423779293089e-04 4.622197652393170771e-05 -9.877276031721886340e-02 -4.206676680934866297e-02 3.736783372724489238e-01 2.250735406719038025e-03 1.957301295168851704e-04 9.081164242250573393e-01 7.921084767944857122e-03 2.432407857440554988e-02 2.401920855192334614e-01
6.017676266901310356e-02 -3.548406090522272099e-02 2.354533755866883848e-01 1.552698219511296496e-01 3.050321722472666974e-01 3.279279752452641361e+00 1.205242016567665969e-01 -4.295606454255089697e-03 -1.007458924488532581e+00 -2.645851905285564598e+01 -1.433616991928398754e+00 1.985364097542547757e-04 4.625193874408772132e-05 -9.877247620500220759e-02 -4.208034541426180358e-02 3.736811073042814457e-01 2.250748325623626919e-03 1.957301295168855499e-04 9.081164246884210201e-01 7.921065080450893914e-03 2.432400375997004899e-02 2.401672371142900553e-01
6.017676039475573779e-02 -3.548407267386873704e-02 2.354534004656384794e-01 1.552697965429574722e-01 3.050320660163846620e-01 3.279280043060431638e+00 1.205242020247972307e-01 -4.295605965145178270e-03 -1.007458929272909254e+00 -2.645851812058362640e+01 -1.433617005799907584e+00 1.985363271732244912e-04 4.625217933055729105e-05 -9.877248069530747410e-02 -4.208034869224162172e-02 3.736811013780142465e-01 2.250748352057656797e-03 1.957301295168871220e-04 9.081164246919198879e-01 7.921065042301268094e-03 2.432400345578061840e-02 2.401671912547546917e-01
6.126677734644453421e-02 -3.669656515215121567e-02 2.325228825742986782e-01 1.550295237459822506e-01 3.100697410105723861e-01 3.278487795632352153e+00 1.205461459064300772e-01 -4.325623085334291511e-03 -1.007665750414694195e+00 -2.648478162739870712e+01 -1.431950895548834035e+00 2.172788103088435453e-04 4.790989052296194936e-05 -8.462755333099340749e-02 -4.269312293989009632e-02 3.680795509988726844e-01 2.249670997014571218e-03 1.707248376802539963e-02 9.081810712570960176e-01 7.923356908520796243e-03 2.430055039222252591e-02 2.434103185834550209e-01
5.774202814075429790e-02 -3.524119955765370182e-02 2.530480103342494513e-01 1.559607470559273845e-01 2.742656821403956502e-01 3.291276260181653424e+00 1.204258728698350545e-01 -4.285250782948991227e-03 -1.006380858961331004e+00 -2.616449761468514978e+01 -1.440870290746228077e+00 8.792762279640812758e-05 3.563021491516718802e-05 -1.117704179762435829e-01 -3.139189097073474127e-02 4.204804860575461767e-01 2.258004392266769068e-03 1.479954617480675383e-04 9.079436135945003761e-01 7.909918774646071404e-03 2.449231313727957479e-02 2.176047330309416050e-01
5.772428899351867565e-02 -3.526552478798664070e-02 2.532265079766315430e-01 1.557986848322528151e-01 2.740596980483039902e-01 3.292946490692603145e+00 1.204296761976331315e-01 -4.303055241277182336e-03 -1.006410520315691226e+00 -2.615946449433803878e+01 -1.440867035173621025e+00 8.753304816323825323e-05 3.606455320051802662e-05 -1.117825097244785071e-01 -3.137284044151632256e-02 4.204620491705391983e-01 2.258077012547032251e-03 1.479954617480659120e-04 9.079437866547569458e-01 7.909835333363042509e-03 2.449110447731053797e-02 2.173991766286256788e-01
5.772419023173355063e-02 -3.526576185551144604e-02 2.532275437918627969e-01 1.557977163123058784e-01 2.740574340573965761e-01 3.292956900408956500e+00 1.204296939579582587e-01 -4.303074967383774263e-03 -1.006410712516508932e+00 -2.615943198879822518e+01 -1.440867427734043416e+00 8.753030849808918624e-05 3.607192393567760038e-05 -1.117825802277426783e-01 -3.137275064325375368e-02 4.204620483981664769e-01 2.258077732507057008e-03 1.479954617480671588e-04 9.079437876241933658e-01 7.909834472817994094e-03 2.449110237310083912e-02 2.173977463961916656e-01
5.950440274359941606e-02 -3.596888235490245528e-02 2.427854464542740787e-01 1.554951354009548037e-01 2.921677115754840459e-01 3.284882027907002566e+00 1.204860093881325589e-01 -4.305436934141641803e-03 -1.007023304688012599e+00 -2.632463962104192845e+01 -1.436410593147531056e+00 1.526032165526258364e-04 4.177005271906456869e-05 -9.819898565361849518e-02 -3.704250695531242227e-02 3.942800185282094305e-01 2.253837694640670360e-03 8.610239614886733978e-03 9.080623424257981968e-01 7.916637841583435559e-03 2.439643176475105035e-02 2.305075258071983269e-01
5.438525736304843095e-02 -3.481760783974309492e-02 2.807857138061911062e-01 1.607191744232276398e-01 1.808447029775049064e-01 3.298903577897881689e+00 1.200665844477470656e-01 -1.441025195443622949e-03 -1.003366452915515072e+00 -2.547204341939378125e+01 -1.448531218546708965e+00 -1.934496297666117950e-04 7.291845955796267035e-06 -1.244661142905547219e-01 -2.122931771827714365e-03 6.450551088947132916e-01 2.277622668948214076e-03 2.801599275220641519e-03 9.053034570261652147e-01 7.896138369252960268e-03 2.495402089211885832e-02 1.631549346774989195e-01
5.771519506761300933e-02 -1.482770525492785492e-02 2.405971160785949081e-01 2.015763127217104766e-01 1.588606411860626066e-01 2.901690239580058339e+00 1.174810843361859675e-01 2.815831540949617628e-02 -9.901489130606520028e-01 -2.755179751292058654e+01 -1.430123971664620797e+00 -3.117765346280946750e-05 -9.056617432534528987e-06 -1.209718218908036463e-01 -2.014754283594556022e-02 7.440470184404872622e-01 2.297980466407195665e-03 1.076313049544997628e-04 9.023687368029742473e-01 7.867301178777061019e-03 2.526473753793722840e-02 1.749909202762574001e-01
5.787782437826240189e-02 -1.436963970167237301e-02 2.389071615137288163e-01 2.012351015475839500e-01 1.617802484843353372e-01 2.903950369137192400e+00 1.175057167060949842e-01 2.921902933639788577e-02 -9.907405614962060403e-01 -2.752361651433997025e+01 -1.427114107247186237e+00 -3.278788887279482291e-05 -6.557467030736771645e-06 -1.208391400060857962e-01 -1.979346483550542199e-02 7.435933888209471654e-01 2.296483636534733114e-03 1.076313049545002371e-04 9.023702592355752339e-01 7.866865225974517539e-03 2.521755017562764961e-02 1.751498051310996507e-01
5.788525257634388049e-02 -1.435434967658728682e-02 2.388276857596687286e-01 2.012500092936718443e-01 1.618907100869377280e-01 2.903763976963015914e+00 1.175019230947868670e-01 2.927887020159243917e-02 -9.907235960698117516e-01 -2.752296521504003479e+01 -1.426997835145698224e+00 -3.283603366369402681e-05 -7.205372827444188608e-06 -1.208412773521687078e-01 -1.978526607393029865e-02 7.435832427548888512e-01 2.296443210174497606e-03 1.076313049544998170e-04 9.023708316379093208e-01 7.866848318926663794e-03 2.521625512141572462e-02 1.751643949691876201e-01
5.788549298594727888e-02 -1.435368883057123839e-02 2.388249862998828299e-01 2.012506426897093248e-01 1.618971037678346714e-01 2.903755330922242361e+00 1.175017831287484410e-01 2.928144486200803809e-02 -9.907231094592937604e-01 -2.752292833462309574e+01 -1.426993026964252120e+00 -3.283817943673184372e-05 -7.229248743421753439e-06 -1.208414621258881022e-01 -1.978493501464422336e-02 7.435829509544643612e-01 2.296441104702420539e-03 1.076313049544999525e-04 9.023708615288305035e-01 7.866847523058669023e-03 2.521620815822361514e-02 1.751652017774672221e-01
5.605022621533072014e-02 -2.482265654733547405e-02 2.606914149423930072e-01 1.811477435724690721e-01 1.698526720817837565e-01 3.100296908738970014e+00 1.187738343919665235e-01 1.335864510702627558e-02 -9.967576829880835376e-01 -2.651192046615718212e+01 -1.439327595105664770e+00 -1.123136416147106279e-04 -8.823857383691312939e-07 -1.227189680906791841e-01 -1.113523730388663729e-02 6.945510636676003324e-01 2.287801567677704654e-03 1.454615290087570532e-03 9.038360969145696755e-01 7.881719774015010643e-03 2.510937921502804163e-02 1.690729274768781321e-01
5.773436916413237502e-02 -3.116821569868739872e-02 2.478880920286108125e-01 1.803009526486236136e-01 1.945174077435280480e-01 3.098436928645454280e+00 1.181359728652364161e-01 1.249700459738833057e-02 -9.907818503993149895e-01 -2.760378337056982190e+01 -1.452149405169323337e+00 -1.103305088036720690e-04 8.220455584378544246e-06 -1.210465229231880990e-01 -1.066408582076392580e-02 8.037488846162709200e-01 2.269335321306938449e-03 1.717018961931627077e-03 8.782619325228878671e-01 7.887305367936678357e-03 2.467780807290716194e-02 1.922430985991544494e-01
5.786937068741491996e-02 -3.201500539137679124e-02 2.471518290777007520e-01 1.797622472709747565e-01 2.020861214224016766e-01 3.100285212775421240e+00 1.180367371430500745e-01 1.146606347685971000e-02 -9.893146836277590950e-01 -2.763530215356741593e+01 -1.449456189780466753e+00 -1.074239036377426407e-04 7.439640922685224980e-06 -1.205587054280600756e-01 -1.086501175220477150e-02 8.591421555677314359e-01 2.266255062921453643e-03 1.934469185792373315e-03 7.941219652537470086e-01 7.896044902412337196e-03 2.482952571792241062e-02 2.030059146478024601e-01
5.794022516012286433e-02 -3.209721374690411438e-02 2.465498835428472091e-01 1.793556773767759349e-01 2.040751379165475499e-01 3.103332303488611110e+00 1.180737230716973202e-01 1.104258875347865522e-02 -9.894757811262938629e-01 -2.759213841909964060e+01 -1.448583500828876103e+00 -1.065044370249018175e-04 7.669084409184076843e-06 -1.204434891327332696e-01 -1.096197475955322173e-02 8.695176742393039282e-01 2.265500442069552124e-03 2.028697093225334883e-03 4.190374272224135499e-01 7.896520878190666642e-03 2.481208172511561658e-02 2.045885186524407096e-01
5.794720308658786456e-02 -3.209918081189509775e-02 2.464878385863265020e-01 1.792885672909766415e-01 2.042631856492807263e-01 3.103899365687853518e+00 1.180823434713315773e-01 1.098418875130237338e-02 -9.895324825735329899e-01 -2.758417295747327458e+01 -1.448477427971088582e+00 -1.064019701813719937e-04 7.713939028875059224e-06 -1.204327261851055597e-01 -1.097377077594669827e-02 8.695917260359211642e-01 2.265491898623103132e-03 2.042023016004901846e-03 1.002902154128095108e-01 7.896553689276410853e-03 2.480954447365994742e-02 2.045974592559086369e-01
5.794745193820362988e-02 -3.209857396112282546e-02 2.464849725630064714e-01 1.792892698074110280e-01 2.042622472725724725e-01 3.103892765681811383e+00 1.180832440414392032e-01 1.098745649573810296e-02 -9.895436815811604614e-01 -2.758576251813268954e+01 -1.448513290738579817e+00 -1.063864904888826038e-04 7.678918877607844446e-06 -1.204330638759136402e-01 -1.097416941848546740e-02 8.695845932998056416e-01 2.265504001980020964e-03 2.042248130884409627e-03 4.552419970764792073e-02 7.896521452210378614e-03 2.480931023991493276e-02 2.045990550901014005e-01
5.794823828714552871e-02 -3.209432242858634848e-02 2.464740556478755562e-01 1.792970573837185111e-01 2.042434156392878841e-01 3.103824191446372893e+00 1.180874805198804944e-01 1.100966177859963487e-02 -9.895999008432795341e-01 -2.759461102201204952e+01 -1.448706947655933774e+00 -1.062877397366751613e-04 7.476584684063736313e-06 -1.204357865293744223e-01 -1.097553263409140924e-02 8.695784504190988695e-01 2.265574791938729671e-03 2.042230178268004872e-03 2.284690668572691486e-04 7.896347209388024022e-03 2.480823705625591694e-02 2.046091369899338819e-01
5.794823826724857657e-02 -3.209432245586204407e-02 2.464740558661155656e-01 1.792970566445888647e-01 2.042434157698086450e-01 3.103824198567118664e+00 1.180874810612211334e-01 1.100966301411489788e-02 -9.895999069873964160e-01 -2.759461151857299299e+01 -1.448706959438132547e+00 -1.062877321697717586e-04 7.476577112844409372e-06 -1.204357865052345239e-01 -1.097553254583220200e-02 8.695784505306700662e-01 2.265574785932771354e-03 2.042230179949531318e-03 2.284690668572695823e-04 7.896347213661706124e-03 2.480823704418741102e-02 2.046091366295474390e-01
5.794823826724619653e-02 -3.209432245586440330e-02 2.464740558661410175e-01 1.792970566445835079e-01 2.042434157697669284e-01 3.103824198567191051e+00 1.180874810612331238e-01 1.100966301422116010e-02 -9.895999069875742737e-01 -2.759461151860905659e+01 -1.448706959438676556e+00 -1.062877321692073094e-04 7.476577112540633711e-06 -1.204357865052320675e-01 -1.097553254582384237e-02 8.695784505306646262e-01 2.265574785932709338e-03 2.042230179949893875e-03 2.284690668572739462e-04 7.896347213663185843e-03 2.480823704419803100e-02 2.046091366295829939e-01
5.794784511267458277e-02 -3.209644819485458350e-02 2.464795141054410277e-01 1.792931635955647696e-01 2.042528314559301783e-01 3.103858478564092138e+00 1.180853622806598419e-01 1.099855913716886978e-02 -9.895717912122200532e-01 -2.759018677007236775e+01 -1.448610119197256685e+00 -1.063371151127788825e-04 7.577751780835789956e-06 -1.204344252026440382e-01 -1.097485102628843745e-02 8.695815218594523666e-01 2.265539396959375101e-03 2.042239154576207250e-03 2.287633438725259621e-02 7.896434330799201318e-03 2.480877364808542138e-02 2.046040960400176412e-01
5.794993179216800794e-02 -3.207892410042347681e-02 2.464469565515296501e-01 1.792985739968089576e-01 2.041956135159772034e-01 3.103825237333988962e+00 1.180998385677380080e-01 1.105809066226147268e-02 -9.897524631818560570e-01 -2.761302300752976535e+01 -1.449125174919674963e+00 -1.060197812601437392e-04 6.904578369900893784e-06 -1.204431338790823980e-01 -1.097968423626045562e-02 8.695550991808428387e-01 2.265799801639236961e-03 2.042242688071978403e-03 1.644112302674637560e-04 7.895933253385414158e-03 2.480541056871185535e-02 2.046264657782253527e-01
5.794993177278161267e-02 -3.207892411043149206e-02 2.464469567617045831e-01 1.792985727457868661e-01 2.041956136926789678e-01 3.103825249388158625e+00 1.180998392704912664e-01 1.105809166597913201e-02 -9.897524707561331514e-01 -2.761302337295307652e+01 -1.449125185191627141e+00 -1.060197717954703230e-04 6.904570615933280972e-06 -1.204431338455064920e-01 -1.097968411561615378e-02 8.695550992670287860e-01 2.265799794628735406e-03 2.042242691552797768e-03 1.644112302674652468e-04 7.895933256577994039e-03 2.480541054451867317e-02 2.046264650411404318e-01
5.794993177278061347e-02 -3.207892411043226921e-02 2.464469567617151857e-01 1.792985727457779288e-01 2.041956136926509624e-01 3.103825249388258545e+00 1.180998392704987049e-01 1.105809166600768556e-02 -9.897524707562208590e-01 -2.761302337296006471e+01 -1.449125185191732168e+00 -1.060197717952578736e-04 6.904570615893336592e-06 -1.204431338455055622e-01 -1.097968411561181523e-02 8.695550992670225687e-01 2.265799794628849898e-03 2.042242691552975577e-03 1.644112302674633223e-04 7.895933256578814563e-03 2.480541054452403693e-02 2.046264650411543651e-01
5.794888845242129188e-02 -3.208768614763903015e-02 2.464632353284853528e-01 1.792958687961868636e-01 2.042242224859536770e-01 3.103841857949040328e+00 1.180926004241989319e-01 1.102832489971517123e-02 -9.896621271970380551e-01 -2.760160488880106655e+01 -1.448867647058465824e+00 -1.061784481864613041e-04 7.241165075368341446e-06 -1.204387795408632111e-01 -1.097726763127444653e-02 8.695683105201474916e-01 2.265669599299306031e-03 2.042240921324093260e-03 1.152037280876003211e-02 7.896183792092307738e-03 2.480709210839864010e-02 2.046152809091214830e-01
5.794961400674200624e-02 -3.204145895635835545e-02 2.464284988971085499e-01 1.792054111979450581e-01 2.041523591549399552e-01 3.104733530131002173e+00 1.181172382323810860e-01 1.105699642338578426e-02 -9.899184812154633306e-01 -2.760708057648384539e+01 -1.449078601798798438e+00 -1.057007079534837401e-04 6.242526649048304121e-06 -1.204520510810052486e-01 -1.098553021723618420e-02 8.695139972597555333e-01 2.266185561817210363e-03 2.042557227674023698e-03 9.231649668554563898e-03 7.895761427123674375e-03 2.480284627142417472e-02 2.046086625381512702e-01
5.795431011024424622e-02 -3.190711033427393734e-02 2.462998749511957075e-01 1.789938841837796224e-01 2.038880644414084731e-01 3.106852910938472156e+00 1.181970738644250590e-01 1.121261147351467966e-02 -9.907924121674470674e-01 -2.765233262057877184e+01 -1.450307436980690312e+00 -1.041430021304844914e-04 2.977551654166709473e-06 -1.204961385028970877e-01 -1.101119053524088863e-02 8.693078738637792791e-01 2.267799457014078087e-03 2.043374124316894597e-03 1.258182339004908072e-04 7.894093256066565117e-03 2.478802617400316724e-02 2.046056333413344974e-01
5.795431002543893761e-02 -3.190712697867074260e-02 2.462998828642302684e-01 1.789937620305699084e-01 2.038880264348728322e-01 3.106854114344224982e+00 1.181971389900083741e-01 1.121262798002018585e-02 -9.907930653112776431e-01 -2.765233342849789366e+01 -1.450307820376815160e+00 -1.041424278751287808e-04 2.977343845759257016e-06 -1.204961393220438798e-01 -1.101118083650240095e-02 8.693078799005753421e-01 2.267798885324841772e-03 2.043374453658118595e-03 1.258182339004908885e-04 7.894092511115320329e-03 2.478802077817453264e-02 2.046055650341885024e-01
5.795431002513896923e-02 -3.190712698568136385e-02 2.462998828709960231e-01 1.789937619871111996e-01 2.038880263818091398e-01 3.106854114794320498e+00 1.181971390238229780e-01 1.121262799158846343e-02 -9.907930656498794564e-01 -2.765233342738809696e+01 -1.450307820527572122e+00 -1.041424277894418843e-04 2.977343846143183170e-06 -1.204961393217236776e-01 -1.101118082706564229e-02 8.693078798883933089e-01 2.267798885567097640e-03 2.043374453583821689e-03 1.258182339004903464e-04 7.894092511956492947e-03 2.478802078141588427e-02 2.046055650365968814e-01
5.795196205849312276e-02 -3.197428464531614639e-02 2.463641869241521287e-01 1.790996476908623403e-01 2.040202117981742003e-01 3.105793220534737387e+00 1.181571560484030725e-01 1.113480394845023196e-02 -9.903554466914551435e-01 -2.762970659853130684e+01 -1.449693019389744375e+00 -1.049218550419841225e-04 4.610039151607506585e-06 -1.204740947919511612e-01 -1.099836037623853728e-02 8.694109355617672952e-01 2.266992509415644442e-03 2.042965675995458714e-03 4.678733951227527325e-03 7.894927341595119746e-03 2.479543622271367098e-02 2.046071479397428838e-01
5.795891296465156134e-02 -3.135574367314192951e-02 2.459201862855484866e-01 1.779382534128050863e-01 2.027996402154180200e-01 3.117382918551235171e+00 1.184570508740038497e-01 1.158812692610481504e-02 -9.935297211997536904e-01 -2.771412681102817643e+01 -1.452515326149702357e+00 -1.002252264129869206e-04 -5.265973432614470985e-06 -1.206682156280001750e-01 -1.106911494749684630e-02 8.686009194961366031e-01 2.273048727097400686e-03 2.047669958956168604e-03 1.129406435889193400e-04 7.890148277540622035e-03 2.474610961962904129e-02 2.045104726443928711e-01
5.795888177920213019e-02 -3.135648545892409655e-02 2.459207497871397641e-01 1.779351436982206658e-01 2.027980334607673574e-01 3.117413887282871610e+00 1.184586187935338791e-01 1.158815934820022625e-02 -9.935452703993989942e-01 -2.771410319344418483e+01 -1.452523602565813032e+00 -1.002176615332643313e-04 -5.262068665218824321e-06 -1.206683598041457806e-01 -1.106892823750207228e-02 8.686009068650282217e-01 2.273035384401725801e-03 2.047675898627022290e-03 1.129406435889194891e-04 7.890125182185401750e-03 2.474597427407262615e-02 2.045093919819815642e-01
5.795888178439950050e-02 -3.135648649230135532e-02 2.459207503706508646e-01 1.779351339645605379e-01 2.027980307761629575e-01 3.117413984029838936e+00 1.184586256056963105e-01 1.158816049391148649e-02 -9.935453381361534220e-01 -2.771410305860151269e+01 -1.452523636176584532e+00 -1.002176590280147022e-04 -5.262083388847876878e-06 -1.206683597149708354e-01 -1.106892649941491891e-02 8.686009050759727623e-01 2.273035390584367873e-03 2.047675864099056300e-03 1.129406435889194755e-04 7.890125222572666464e-03 2.474597423648558503e-02 2.045093906487680524e-01
5.795888178444907196e-02 -3.135648649614315026e-02 2.459207503729544664e-01 1.779351339287008615e-01 2.027980307692125450e-01 3.117413984383177183e+00 1.184586256372304330e-01 1.158816050462423489e-02 -9.935453384526847787e-01 -2.771410305825412124e+01 -1.452523636352017977e+00 -1.002176589898839623e-04 -5.262083459137775217e-06 -1.206683597133473007e-01 -1.106892649474974268e-02 8.686009050743337401e-01 2.273035390487839619e-03 2.047675864280070358e-03 1.129406435889193400e-04 7.890125222451983486e-03 2.474597423574783489e-02 2.045093906384839455e-01
5.795543751157234552e-02 -3.166501415922903795e-02 2.461421866048502938e-01 1.785189505518337272e-01 2.034099260067961101e-01 3.111588069542986279e+00 1.183071034612034611e-01 1.136146543727752263e-02 -9.919425839456044169e-01 -2.767191670477974341e+01 -1.451104172769723366e+00 -1.025735407274855148e-04 -3.279671405034822530e-07 -1.205711552099756612e-01 -1.103373766186769266e-02 8.690059275289521157e-01 2.270020618256522130e-03 2.045317817475814093e-03 2.395837297408223102e-03 7.892537809567870891e-03 2.477077292117135440e-02 2.045588102920678775e-01
5.802391566014757779e-02 -3.160537208075081539e-02 2.453267765260966071e-01 1.808055169725803768e-01 2.012003651061496368e-01 3.090506454903467759e+00 1.183493182278032019e-01 1.360243697123434022e-02 -9.939095826659452015e-01 -2.862648493343679235e+01 -1.470891501219231179e+00 -1.011298291420926581e-04 -4.518912944071298570e-06 -1.208458021565762819e-01 -1.096973188861438686e-02 8.685214091532833525e-01 2.269198187936985467e-03 2.042377192172671174e-03 2.457150175220145210e-03 7.881432739070649146e-03 2.471529177979253297e-02 2.058592832149763185e-01
5.802198316581742149e-02 -3.160932624857697854e-02 2.453477661678620803e-01 1.808148086188525183e-01 2.011784680946493986e-01 3.090428466763266435e+00 1.183601222344703024e-01 1.366118523145131054e-02 -9.940537776708293638e-01 -2.865162313730975541e+01 -1.471386114048689242e+00 -1.009164637275914225e-04 -4.920585169369470520e-06 -1.208452275755712707e-01 -1.096961426213183613e-02 8.685303315559952386e-01 2.270051293567714335e-03 2.042855789019186030e-03 2.463865465535581851e-03 7.884900700087418834e-03 2.472314643360570136e-02 2.059029680085915637e-01
5.802198224138114396e-02 -3.160934448090556986e-02 2.453480015265928071e-01 1.808149574052104747e-01 2.011780850830384715e-01 3.090429219932315785e+00 1.183601757801528570e-01 1.366124966055894292e-02 -9.940542517025728886e-01 -2.865165468934136328e+01 -1.471386899174677465e+00 -1.009159425257593224e-04 -4.921706306664225910e-06 -1.208452233617582361e-01 -1.096963627524100669e-02 8.685281398300442879e-01 2.270047153912816817e-03 2.042851426166116327e-03 2.463907958582659853e-03 7.884888574166864714e-03 2.472310755629332849e-02 2.059025705263968498e-01
5.802198227085658688e-02 -3.160934508903832235e-02 2.453480134449243788e-01 1.808149664381465127e-01 2.011780629347790228e-01 3.090429254806466908e+00 1.183601781031156513e-01 1.366124982480049904e-02 -9.940542699006027494e-01 -2.865165517561694131e+01 -1.471386926634147274e+00 -1.009159452331755092e-04 -4.921706464568082526e-06 -1.208452235569847377e-01 -1.096963708639264040e-02 8.685280174745655390e-01 2.270046861142374379e-03 2.042851159176524000e-03 2.463907643133090609e-03 7.884887587255773669e-03 2.472310482521914571e-02 2.059025459074580178e-01
5.802198227121575791e-02 -3.160934509655803637e-02 2.453480135927723071e-01 1.808149665501637415e-01 2.011780626599650457e-01 3.090429255239012907e+00 1.183601781319233298e-01 1.366124982685849691e-02 -9.940542701262956582e-01 -2.865165518164920400e+01 -1.471386926974763032e+00 -1.009159452668665225e-04 -4.921706466323114464e-06 -1.208452235594134477e-01 -1.096963709644954536e-02 8.685280159552248858e-01 2.270046857511965471e-03 2.042851155865991163e-03 2.463907639197213811e-03 7.884887575017764452e-03 2.472310479135393299e-02 2.059025456021611744e-01
