6.000000000000000000e+00 -1.744053757754842593e+01
6.010601478605021697e+00 -1.741537772263424699e+01
6.021221689101477814e+00 -1.739015477159972534e+01
6.031860664586995213e+00 -1.736486829520169550e+01
6.042518438217675758e+00 -1.733951786630619907e+01
6.053195043208211779e+00 -1.731410306022727852e+01
6.063890512831975776e+00 -1.728862345508579779e+01
6.074604880421140329e+00 -1.726307863218905680e+01
6.085338179366762468e+00 -1.723746817643270290e+01
6.096090443118909796e+00 -1.721179167672590893e+01
6.106861705186742206e+00 -1.718604872644151982e+01
6.117651999138636221e+00 -1.716023892389213756e+01
6.128461358602273812e+00 -1.713436187283406653e+01
6.139289817264761417e+00 -1.710841718300047631e+01
6.150137408872720535e+00 -1.708240447066554424e+01
6.161004167232404960e+00 -1.705632335924146759e+01
6.171890126209797600e+00 -1.703017347991018937e+01
6.182795319730724160e+00 -1.700395447229182366e+01
6.193719781780949063e+00 -1.697766598515225667e+01
6.204663546406290919e+00 -1.695130767715186693e+01
6.215626647712720221e+00 -1.692487921763812153e+01
6.226609119866474806e+00 -1.689838028748461340e+01
6.237610997094156673e+00 -1.687181057997937117e+01
6.248632313682847439e+00 -1.684516980176534418e+01
6.259673103980205155e+00 -1.681845767383650880e+01
6.270733402394585099e+00 -1.679167393259282903e+01
6.281813243395130364e+00 -1.676481833095779805e+01
6.292912661511896211e+00 -1.673789063956253642e+01
6.304031691335943322e+00 -1.671089064800055368e+01
6.315170367519455930e+00 -1.668381816615777069e+01
6.326328724775842183e+00 -1.665667302562256680e+01
6.337506797879849607e+00 -1.662945508118085769e+01
6.348704621667665471e+00 -1.660216421240207296e+01
6.359922231037034912e+00 -1.657480032532153658e+01
6.371159660947358638e+00 -1.654736335422595772e+01
6.382416946419808390e+00 -1.651985326354863659e+01
6.393694122537441515e+00 -1.649227004988174627e+01
6.404991224445296005e+00 -1.646461374411373058e+01
6.416308287350514838e+00 -1.643688441369999964e+01
6.427645346522441017e+00 -1.640908216507633455e+01
6.439002437292745462e+00 -1.638120714622451857e+01
6.450379595055517612e+00 -1.635325954940118720e+01
6.461776855267393316e+00 -1.632523961404076118e+01
6.473194253447648983e+00 -1.629714762984528775e+01
6.484631825178327702e+00 -1.626898394007407234e+01
6.496089606104338721e+00 -1.624074894504773070e+01
6.507567631933575569e+00 -1.621244310588203774e+01
6.519065938437019980e+00 -1.618406694846835592e+01
6.530584561448864456e+00 -1.615562106771893269e+01
6.542123536866610856e+00 -1.612710613209663890e+01
6.553682900651193854e+00 -1.609852288845054957e+01
6.565262688827083970e+00 -1.606987216718066946e+01
6.576862937482409244e+00 -1.604115488775662612e+01
6.588483682769054717e+00 -1.601237206461823703e+01
6.600124960902789439e+00 -1.598352481348719323e+01
6.611786808163368612e+00 -1.595461435812264561e+01
6.623469260894653488e+00 -1.592564203755573260e+01
6.635172355504717956e+00 -1.589660931384193177e+01
6.646896128465970222e+00 -1.586751778037288929e+01
6.658640616315257610e+00 -1.583836917079411677e+01
6.670405855653990912e+00 -1.580916536857848165e+01
6.682191883148243861e+00 -1.577990841731080707e+01
6.693998735528884581e+00 -1.575060053174381913e+01
6.705826449591675065e+00 -1.572124410969169617e+01
6.717675062197398184e+00 -1.569184174483383920e+01
6.729544610271958938e+00 -1.566239624050902179e+01
6.741435130806515019e+00 -1.563291062458777603e+01
6.753346660857578065e+00 -1.560338816551993801e+01
6.765279237547141555e+00 -1.557383238966463779e+01
6.777232898062783839e+00 -1.554424710002062682e+01
6.789207679657792482e+00 -1.551463639648781090e+01
6.801203619651283283e+00 -1.548500469780472599e+01
6.813220755428303299e+00 -1.545535676532244906e+01
6.825259124439964076e+00 -1.542569772879303969e+01
6.837318764203542010e+00 -1.539603311437071653e+01
6.849399712302612464e+00 -1.536636887504634608e+01
6.861502006387146579e+00 -1.533671142376093499e+01
6.873625684173651607e+00 -1.530706766947292863e+01
6.885770783445265941e+00 -1.527744505648622741e+01
6.897937342051895904e+00 -1.524785160738277412e+01
6.910125397910318767e+00 -1.521829596994563971e+01
6.922334989004312433e+00 -1.518878746850602646e+01
6.934566153384764675e+00 -1.515933616020226360e+01
6.946818929169801038e+00 -1.512995289670101329e+01
6.959093354544891419e+00 -1.510064939200249867e+01
6.971389467762985070e+00 -1.507143829703312399e+01
6.983707307144610077e+00 -1.504233328182372098e+01
6.996046911078015462e+00 -1.501334912617984862e+01
7.008408318019267114e+00 -1.498450181987663754e+01
7.020791566492390778e+00 -1.495580867355621280e+01
7.033196695089469763e+00 -1.492728844167501023e+01
7.045623742470787043e+00 -1.489896145904508984e+01
7.058072747364924737e+00 -1.487084979274402308e+01
7.070543748568904441e+00 -1.484297741143672766e+01
7.083036784948290254e+00 -1.481537037446936544e+01
7.095551895437325562e+00 -1.478805704346728334e+01
7.108089119039040504e+00 -1.476106831960922960e+01
7.120648494825387864e+00 -1.473443791027074212e+01
7.133230061937347877e+00 -1.470820262934949696e+01
7.145833859585069447e+00 -1.468240273632367199e+01
7.158459927047974958e+00 -1.465708231997979993e+01
7.171108303674890827e+00 -1.463228973380835640e+01
7.183779028884172746e+00 -1.460807809134766266e+01
7.196472142163826469e+00 -1.458450583130922240e+01
7.209187683071624164e+00 -1.456163736420469235e+01
7.221925691235234090e+00 -1.453954381450134825e+01
7.234686206352346716e+00 -1.451830387516202414e+01
7.247469268190795511e+00 -1.449800479491487692e+01
7.260274916588675076e+00 -1.447874352292228650e+01
7.273103191454472594e+00 -1.446062804090521858e+01
7.285954132767192171e+00 -1.444377891952943749e+01
7.298827780576473856e+00 -1.442833114436591124e+01
7.311724175002727755e+00 -1.441443626752470308e+01
7.324643356237245051e+00 -1.440226495483065072e+01
7.337585364542339228e+00 -1.439201001610585173e+01
7.350550240251457090e+00 -1.438389002903815950e+01
7.363538023769317320e+00 -1.437815369701442592e+01
7.376548755572025051e+00 -1.437508512063851640e+01
7.389582476207207762e+00 -1.437501021487552499e+01
7.402639226294131625e+00 -1.437830457373901183e+01
7.415719046523840952e+00 -1.438540317915572331e+01
7.428821977659268327e+00 -1.439681248024380267e+01
7.441948060535380272e+00 -1.441312554865392315e+01
7.455097336059286484e+00 -1.443504126713708402e+01
7.468269845210384617e+00 -1.446338886592813289e+01
7.481465629040471299e+00 -1.449915963704469490e+01
7.494684728673884244e+00 -1.454354841222509975e+01
7.507927185307619489e+00 -1.459800851758162565e+01
7.521193040211469061e+00 -1.466432563309949266e+01
7.534482334728140884e+00 -1.474471865113619273e+01
7.547795110273397334e+00 -1.484197987312303013e+01
7.561131408336170701e+00 -1.495967382747060981e+01
7.574491270478709737e+00 -1.510242570086592728e+01
7.587874738336691571e+00 -1.527635081702750242e+01
7.601281853619369144e+00 -1.548971373918310590e+01
7.614712658109684007e+00 -1.575397627742892581e+01
7.628167193664404877e+00 -1.608553590788816123e+01
7.641645502214263530e+00 -1.650876185819301512e+01
7.655147625764078256e+00 -1.706164948893494326e+01
7.668673606392881759e+00 -1.780726045698112614e+01
7.682223486254057931e+00 -1.885960194120956501e+01
7.695797307575477753e+00 -2.045235557693544592e+01
7.709395112659617411e+00 -2.317467554433792287e+01
7.723016943883703966e+00 -2.930727885110648856e+01
7.736662843699836145e+00 -3.307312919815846897e+01
7.750332854635128221e+00 -1.961062328746956851e+01
7.764027019291828147e+00 -1.181278854834752678e+01
7.777745380347467652e+00 -4.425119451227641498e+00
7.791487980554975934e+00 4.604842070052514558e+00
7.805254862742832422e+00 5.188663178607903603e+00
7.819046069815182243e+00 4.861037752902014897e-01
7.832861644751986319e+00 -2.090630443689017515e+00
7.846701630609140388e+00 -3.649193067912623434e+00
7.860566070518622439e+00 -4.686469768237787825e+00
7.874455007688615282e+00 -5.420634347312050849e+00
7.888368485403651320e+00 -5.961987296458389984e+00
7.902306547024738670e+00 -6.372527198618854527e+00
7.916269235989506825e+00 -6.689918501070772905e+00
7.930256595812327447e+00 -6.938428631021988480e+00
7.944268670084467132e+00 -7.134428851896882584e+00
7.958305502474206428e+00 -7.289378856634241899e+00
7.972367136726990822e+00 -7.411547011114470784e+00
7.986453616665554200e+00 -7.507051923129640869e+00
8.000564986190067174e+00 -7.580519432094981802e+00
8.014701289278262308e+00 -7.635511587070693551e+00
8.028862569985582454e+00 -7.674815154150131491e+00
8.043048872445309527e+00 -7.700640685674945196e+00
8.057260240868703960e+00 -7.714762990237367113e+00
8.071496719545145027e+00 -7.718622232503854264e+00
8.085758352842272956e+00 -7.713397987575980608e+00
8.100045185206111498e+00 -7.700064344578327002e+00
8.114357261161222468e+00 -7.679431493121198216e+00
8.128694625310837196e+00 -7.652177512189693331e+00
8.143057322337002191e+00 -7.618872953118893676e+00
8.157445397000707032e+00 -7.580000051705510167e+00
8.171858894142026486e+00 -7.535967887979953872e+00
8.186297858680276818e+00 -7.487124453839393290e+00
8.200762335614131260e+00 -7.433766336483706105e+00
8.215252370021779882e+00 -7.376146545582109582e+00
8.229768007061050383e+00 -7.314480882018124852e+00
8.244309291969575071e+00 -7.248953150962748282e+00
8.258876270064906322e+00 -7.179719451745418368e+00
8.273468986744676457e+00 -7.106911724522067431e+00
8.288087487486722083e+00 -7.030640694194433493e+00
8.302731817849245743e+00 -6.950998321959475312e+00
8.317402023470936712e+00 -6.868059851802299498e+00
8.332098150071136189e+00 -6.781885521409987128e+00
8.346820243449954546e+00 -6.692521993086510079e+00
8.361568349488436525e+00 -6.600003549336321385e+00
8.376342514148690910e+00 -6.504353089153081413e+00
8.391142783474037969e+00 -6.405582954171729071e+00
8.405969203589149785e+00 -6.303695608319785038e+00
8.420821820700203020e+00 -6.198684190134834182e+00
8.435700681095010367e+00 -6.090532953268834149e+00
8.450605831143176871e+00 -5.979217607696404535e+00
8.465537317296231379e+00 -5.864705571646417148e+00
8.480495186087786408e+00 -5.746956142172133575e+00
8.495479484133669601e+00 -5.625920590481124250e+00
8.510490258132074715e+00 -5.501542186588618932e+00
8.525527554863710833e+00 -5.373756156484819080e+00
8.540591421191946253e+00 -5.242489573765476862e+00
8.555681904062947041e+00 -5.107661186530161324e+00
8.570799050505828021e+00 -4.969181179266030313e+00
8.585942907632805543e+00 -4.826950868377190673e+00
8.601113522639339593e+00 -4.680862328959848107e+00
8.616310942804277673e+00 -4.530797949333987162e+00
8.631535215490002244e+00 -4.376629908693359994e+00
8.646786388142585267e+00 -4.218219571997368966e+00
8.662064508291932086e+00 -4.055416794867618968e+00
8.677369623551928868e+00 -3.888059129730482510e+00
8.692701781620584711e+00 -3.715970922723157877e+00
8.708061030280196846e+00 -3.538962288903536368e+00
8.723447417397487413e+00 -3.356827951014345501e+00
8.738860990923750904e+00 -3.169345924378029089e+00
8.754301798895005149e+00 -2.976276027350774456e+00
8.769769889432152965e+00 -2.777358193039614509e+00
8.785265310741113609e+00 -2.572310553549071344e+00
8.800788111112991530e+00 -2.360827262709716212e+00
8.816338338924204265e+00 -2.142576016850013865e+00
8.831916042636661857e+00 -1.917195225439510597e+00
8.847521270797885862e+00 -1.684290774043717187e+00
8.863154072041192322e+00 -1.443432310563822263e+00
8.878814495085816105e+00 -1.194148971684751093e+00
8.894502588737084992e+00 -9.359244491385698694e-01
8.910218401886551121e+00 -6.681912739723054884e-01
8.925961983512163300e+00 -3.903241703807858176e-01
8.941733382678402009e+00 -1.016322974254345868e-01
8.957532648536448150e+00 1.986498447198763451e-01
8.973359830324319830e+00 5.113731198179241044e-01
8.989214977367042891e+00 8.374864140135891422e-01
9.005098139076791242e+00 1.178051673747326555e+00
9.021009364953048504e+00 1.534261855789899931e+00
9.036948704582757230e+00 1.907462457355127761e+00
9.052916207640475221e+00 2.299177465604555159e+00
9.068911923888531845e+00 2.711140781445619652e+00
9.084935903177186134e+00 3.145334440081992700e+00
9.100988195444774220e+00 3.604035274159896218e+00
9.117068850717867434e+00 4.089872036353423113e+00
9.133177919111430398e+00 4.605895377800983681e+00
9.149315450828984453e+00 5.155663354888765149e+00
9.165481496162744435e+00 5.743345029686803827e+00
9.181676105493790985e+00 6.373843577107077607e+00
9.197899329292226867e+00 7.052936579432651953e+00
9.214151218117333286e+00 7.787421321021538390e+00
9.230431822617717330e+00 8.585228590051968922e+00
9.246741193531480718e+00 9.455410108549189729e+00
9.263079381686379676e+00 1.040776524399462133e+01
9.279446437999974151e+00 1.145153968252179055e+01
9.295842413479791233e+00 1.259184315206278093e+01
9.312267359223481478e+00 1.382068220022192939e+01
9.328721326418991211e+00 1.509634049369237552e+01
9.345204366344695757e+00 1.630347535657357838e+01
9.361716530369589506e+00 1.720824265139203391e+01
9.378257869953419146e+00 1.750555764599851827e+01
9.394828436646866621e+00 1.705649955087139347e+01
9.411428282091691244e+00 1.604337501313017711e+01
9.428057458020907333e+00 1.477157175698006952e+01
9.444716016258926317e+00 1.345572898375333892e+01
9.461404008721737924e+00 1.219659807940222862e+01
9.478121487417057622e+00 1.102868372409857578e+01
9.494868504444500701e+00 9.957022873739321156e+00
9.511645111995724378e+00 8.975475453946845761e+00
9.528451362354623200e+00 8.074555317132769972e+00
9.545287307897453388e+00 7.244521853658447696e+00
9.562153001093030014e+00 6.476479197349637396e+00
9.579048494502865552e+00 5.762669315767241507e+00
9.595973840781356401e+00 5.096454978269058245e+00
9.612929092675921439e+00 4.472197039819064912e+00
9.629914303027184985e+00 3.885108397181727291e+00
9.646929524769138453e+00 3.331115877176384465e+00
9.663974810929305548e+00 2.806740090656566267e+00
9.681050214628895034e+00 2.308994727339307218e+00
9.698155789082980149e+00 1.835303588502553485e+00
9.715291587600667356e+00 1.383432731226173829e+00
9.732457663585249108e+00 9.514350788981438267e-01
9.749654070534379713e+00 5.376051569197533020e-01
9.766880862040233424e+00 1.404419955111133322e-01
9.784138091789683855e+00 -2.413813933335331452e-01
9.801425813564465628e+00 -6.090432427617452626e-01
9.818744081241334243e+00 -9.635939806750981607e-01
9.836092948792241941e+00 -1.305973712585714708e+00
9.853472470284511786e+00 -1.637026882945010975e+00
9.870882699880993982e+00 -1.957514629717773236e+00
9.888323691840238183e+00 -2.268125244228146098e+00
9.905795500516665797e+00 -2.569483067340323501e+00
9.923298180360740517e+00 -2.862156089113919499e+00
9.940831785919128194e+00 -3.146662468451514982e+00
9.958396371834886907e+00 -3.423476149024265336e+00
9.975991992847605516e+00 -3.693031715656506009e+00
9.993618703793613278e+00 -3.955728609628434977e+00
1.001127655960611662e+01 -4.211934800649469679e+00
1.002896561531538389e+01 -4.461989996523300306e+00
1.004668592604892652e+01 -4.706208457938227063e+00
1.006443754703165361e+01 -4.944881474738206606e+00
1.008222053358606196e+01 -5.178279550961496724e+00
1.010003494113237998e+01 -5.406654338473585675e+00
1.011788082518877552e+01 -5.630240352866619169e+00
1.013575824137150683e+01 -5.849256500191319930e+00
1.015366724539510557e+01 -6.063907438845207665e+00
1.017160789307253133e+01 -6.274384797392633217e+00
1.018958024031537413e+01 -6.480868266123282595e+00
1.020758434313401608e+01 -6.683526577654388845e+00
1.022562025763780014e+01 -6.882518389775212242e+00
1.024368804003520239e+01 -7.077993081946346798e+00
1.026178774663402393e+01 -7.270091475350236365e+00
1.027991943384156315e+01 -7.458946485097833090e+00
1.029808315816476316e+01 -7.644683712092566807e+00
1.031627897621043211e+01 -7.827421981108846794e+00
1.033450694468538344e+01 -8.007273830827232430e+00
1.035276712039663671e+01 -8.184345960871247883e+00
1.037105956025158271e+01 -8.358739640284643002e+00
1.038938432125814870e+01 -8.530551081365402410e+00
1.040774146052500804e+01 -8.699871782318030711e+00
1.042613103526173646e+01 -8.866788841790302911e+00
1.044455310277898086e+01 -9.031385248016100320e+00
1.046300772048866534e+01 -9.193740144985230955e+00
1.048149494590415287e+01 -9.353929077795838154e+00
1.050001483664043178e+01 -9.512024219115035706e+00
1.051856745041427033e+01 -9.668094578468268807e+00
1.053715284504444227e+01 -9.822206195900294645e+00
1.055577107845187079e+01 -9.974422321389502244e+00
1.057442220865982563e+01 -1.012480358126002677e+01
1.059310629379408653e+01 -1.027340813270985365e+01
1.061182339208314751e+01 -1.042029180746413175e+01
1.063057356185838387e+01 -1.056550824546378387e+01
1.064935686155424577e+01 -1.070910901941366511e+01
1.066817334970841102e+01 -1.085114375093468908e+01
1.068702308496200892e+01 -1.099166021899731760e+01
1.070590612605977832e+01 -1.113070446124877577e+01
1.072482253185024170e+01 -1.126832086879282002e+01
1.074377236128591662e+01 -1.140455227492969215e+01
1.076275567342348083e+01 -1.153944003831908205e+01
1.078177252742395709e+01 -1.167302412098850084e+01
1.080082298255291029e+01 -1.180534316157324426e+01
1.081990709818060026e+01 -1.193643454414053728e+01
1.083902493378221266e+01 -1.206633446292180523e+01
1.085817654893801354e+01 -1.219507798324862513e+01
1.087736200333353054e+01 -1.232269909896505666e+01
1.089658135675976425e+01 -1.244923078656616333e+01
1.091583466911335698e+01 -1.257470505629230217e+01
1.093512200039678106e+01 -1.269915300039134110e+01
1.095444341071853600e+01 -1.282260483874366130e+01
1.097379896029330837e+01 -1.294508996202996087e+01
1.099318870944219917e+01 -1.306663697260855805e+01
1.101261271859288904e+01 -1.318727372325538383e+01
1.103207104827981233e+01 -1.330702735390924829e+01
1.105156375914437916e+01 -1.342592432655450096e+01
1.107109091193514416e+01 -1.354399045836273352e+01
1.109065256750799655e+01 -1.366125095320752791e+01
1.111024878682636086e+01 -1.377773043165743339e+01
1.112987963096136035e+01 -1.389345295954516679e+01
1.114954516109204086e+01 -1.400844207520477447e+01
1.116924543850555018e+01 -1.412272081546143809e+01
1.118898052459730685e+01 -1.423631174045318737e+01
1.120875048087122572e+01 -1.434923695735930238e+01
1.122855536893988670e+01 -1.446151814310402273e+01
1.124839525052473732e+01 -1.457317656610079837e+01
1.126827018745628450e+01 -1.468423310709768437e+01
1.128818024167426870e+01 -1.479470827918083309e+01
1.130812547522789657e+01 -1.490462224698993055e+01
1.132810595027598133e+01 -1.501399484519514615e+01
1.134812172908719141e+01 -1.512284559628378133e+01
1.136817287404020504e+01 -1.523119372770046986e+01
1.138825944762392339e+01 -1.533905818838358215e+01
1.140838151243766418e+01 -1.544645766473713522e+01
1.142853913119133402e+01 -1.555341059607608400e+01
1.144873236670566108e+01 -1.565993518958073238e+01
1.146896128191237274e+01 -1.576604943479372878e+01
1.148922593985437146e+01 -1.587177111769197779e+01
1.150952640368597457e+01 -1.597711783436437472e+01
1.152986273667307238e+01 -1.608210700432379170e+01
1.155023500219335020e+01 -1.618675588348214589e+01
1.157064326373647489e+01 -1.629108157681437064e+01
1.159108758490427959e+01 -1.639510105073753365e+01
1.161156802941099286e+01 -1.649883114522934235e+01
1.163208466108342165e+01 -1.660228858571002064e+01
1.165263754386113249e+01 -1.670548999470999263e+01
1.167322674179668240e+01 -1.680845190334617456e+01
1.169385231905580014e+01 -1.691119076262788568e+01
1.171451433991759039e+01 -1.701372295461334261e+01
1.173521286877473635e+01 -1.711606480343736791e+01
1.175594797013368265e+01 -1.721823258622986330e+01
1.177671970861486628e+01 -1.732024254394519147e+01
1.179752814895290491e+01 -1.742211089212106145e+01
1.181837335599678163e+01 -1.752385383158609500e+01
1.183925539471007049e+01 -1.762548755913529419e+01
1.186017433017113731e+01 -1.772702827819131954e+01
1.188113022757332260e+01 -1.782849220947042213e+01
1.190212315222517603e+01 -1.792989560167184493e+01
1.192315316955061455e+01 -1.803125474220855651e+01
1.194422034508917640e+01 -1.813258596799854772e+01
1.196532474449620231e+01 -1.823390567633513726e+01
1.198646643354301844e+01 -1.833523033585498396e+01
1.200764547811718508e+01 -1.843657649762369743e+01
1.202886194422267252e+01 -1.853796080635770238e+01
1.205011589798008309e+01 -1.863940001180285932e+01
1.207140740562682524e+01 -1.874091098028960900e+01
1.209273653351736399e+01 -1.884251070648607751e+01
1.211410334812340928e+01 -1.894421632536970890e+01
1.213550791603409884e+01 -1.904604512443985342e+01
1.215695030395624698e+01 -1.914801455619409865e+01
1.217843057871452928e+01 -1.925014225089114817e+01
1.219994880725169040e+01 -1.935244602962517391e+01
1.222150505662876618e+01 -1.945494391773645759e+01
1.224309939402526659e+01 -1.955765415858440193e+01
1.226473188673941550e+01 -1.966059522771080736e+01
1.228640260218835145e+01 -1.976378584742108302e+01
1.230811160790831238e+01 -1.986724500181374964e+01
1.232985897155488786e+01 -1.997099195228924629e+01
1.235164476090319674e+01 -2.007504625357064754e+01
1.237346904384811808e+01 -2.017942777027068502e+01
1.239533188840449718e+01 -2.028415669404127186e+01
1.241723336270733924e+01 -2.038925356134306099e+01
1.243917353501205270e+01 -2.049473927187586142e+01
1.246115247369465351e+01 -2.060063510771135498e+01
1.248317024725194813e+01 -2.070696275317302337e+01
1.250522692430179461e+01 -2.081374431551076754e+01
1.252732257358327850e+01 -2.092100234641940304e+01
1.254945726395695083e+01 -2.102875986445482681e+01
1.257163106440503419e+01 -2.113704037840288663e+01
1.259384404403161639e+01 -2.124586791166119326e+01
1.261609627206291151e+01 -2.135526702769698204e+01
1.263838781784744292e+01 -2.146526285664754852e+01
1.266071875085625287e+01 -2.157588112313525386e+01
1.268308914068314941e+01 -2.168714817537305350e+01
1.270549905704490357e+01 -2.179909101564113527e+01
1.272794856978146427e+01 -2.191173733222128917e+01
1.275043774885619463e+01 -2.202511553288100288e+01
1.277296666435605133e+01 -2.213925478000522062e+01
1.279553538649185995e+01 -2.225418502748151184e+01
1.281814398559847135e+01 -2.236993705944953348e+01
1.284079253213503691e+01 -2.248654253103601874e+01
1.286348109668519335e+01 -2.260403401120267830e+01
1.288620974995729185e+01 -2.272244502784483089e+01
1.290897856278462896e+01 -2.284181011528794869e+01
1.293178760612563316e+01 -2.296216486433957016e+01
1.295463695106413482e+01 -2.308354597506641426e+01
1.297752666880955985e+01 -2.320599131247750435e+01
1.300045683069713753e+01 -2.332953996530874718e+01
1.302342750818815809e+01 -2.345423230811827864e+01
1.304643877287017339e+01 -2.358011006691756961e+01
1.306949069645722261e+01 -2.370721638858007907e+01
1.309258335079006308e+01 -2.383559591428828028e+01
1.311571680783637106e+01 -2.396529485729847053e+01
1.313889113969100109e+01 -2.409636108532576060e+01
1.316210641857619557e+01 -2.422884420787359971e+01
1.318536271684178551e+01 -2.436279566885767522e+01
1.320866010696545700e+01 -2.449826884490237688e+01
1.323199866155295368e+01 -2.463531914971561676e+01
1.325537845333830589e+01 -2.477400414498116987e+01
1.327879955518406518e+01 -2.491438365824170020e+01
1.330226204008150503e+01 -2.505651990828270215e+01
1.332576598115088906e+01 -2.520047763856862133e+01
1.334931145164167532e+01 -2.534632425932478128e+01
1.337289852493273123e+01 -2.549412999890629195e+01
1.339652727453259473e+01 -2.564396806514610461e+01
1.342019777407968206e+01 -2.579591481742676251e+01
1.344391009734252407e+01 -2.595004995028034855e+01
1.346766431821999710e+01 -2.610645668938204267e+01
1.349146051074153085e+01 -2.626522200086892411e+01
1.351529874906738193e+01 -2.642643681498675434e+01
1.353917910748883813e+01 -2.659019626513971701e+01
1.356310166042843512e+01 -2.675659994349705073e+01
1.358706648244022652e+01 -2.692575217439146940e+01
1.361107364820998988e+01 -2.709776230682539833e+01
1.363512323255547187e+01 -2.727274502748753093e+01
1.365921531042659787e+01 -2.745082069576379880e+01
1.368334995690574019e+01 -2.763211570230984293e+01
1.370752724720793836e+01 -2.781676285282509653e+01
1.373174725668110696e+01 -2.800490177873517084e+01
1.375601006080631450e+01 -2.819667937653895962e+01
1.378031573519799480e+01 -2.839225027760161169e+01
1.380466435560418326e+01 -2.859177735017011912e+01
1.382905599790676199e+01 -2.879543223533449492e+01
1.385349073812166765e+01 -2.900339591854200094e+01
1.387796865239917565e+01 -2.921585933807218538e+01
1.390248981702410802e+01 -2.943302403156127767e+01
1.392705430841605718e+01 -2.965510282119586449e+01
1.395166220312966132e+01 -2.988232053752063777e+01
1.397631357785482109e+01 -3.011491478085467932e+01
1.400100850941693409e+01 -3.035313671800599877e+01
1.402574707477715776e+01 -3.059725191019047941e+01
1.405052935103260303e+01 -3.084754116564861093e+01
1.407535541541663449e+01 -3.110430140721734205e+01
1.410022534529907468e+01 -3.136784654077358070e+01
1.412513921818643325e+01 -3.163850830468557973e+01
1.415009711172218942e+01 -3.191663707270254946e+01
1.417509910368700332e+01 -3.220260257246086866e+01
1.420014527199896648e+01 -3.249679446814795369e+01
1.422523569471385407e+01 -3.279962273770802028e+01
1.425037045002533453e+01 -3.311151775077172488e+01
1.427554961626526087e+01 -3.343292992118416862e+01
1.430077327190389092e+01 -3.376432876475929845e+01
1.432604149555011475e+01 -3.410620113486297100e+01
1.435135436595173353e+01 -3.445904833028877334e+01
1.437671196199568335e+01 -3.482338166427415160e+01
1.440211436270829637e+01 -3.519971594011746419e+01
1.442756164725551571e+01 -3.558856008320951503e+01
1.445305389494317971e+01 -3.599040391085436852e+01
1.447859118521726174e+01 -3.640569965062417879e+01
1.450417359766408154e+01 -3.683483630279161503e+01
1.452980121201060548e+01 -3.727810422095066656e+01
1.455547410812465969e+01 -3.773564626707533876e+01
1.458119236601519475e+01 -3.820739045073361950e+01
1.460695606583253614e+01 -3.869295689396755478e+01
1.463276528786860098e+01 -3.919152899696308623e+01
1.465862011255720532e+01 -3.970167443598417378e+01
1.468452062047427908e+01 -4.022109563539995492e+01
1.471046689233810234e+01 -4.074628118738431226e+01
1.473645900900960015e+01 -4.127201939566587896e+01
1.476249705149256286e+01 -4.179072447095390430e+01
1.478858110093390721e+01 -4.229152141514415320e+01
1.481471123862394279e+01 -4.275905476108670200e+01
1.484088754599657989e+01 -4.317206748870505351e+01
1.486711010462964566e+01 -4.350200600012477992e+01
1.489337899624510619e+01 -4.371231288081294508e+01
1.491969430270929742e+01 -4.375961071473824404e+01
1.494605610603323420e+01 -4.359819939455529436e+01
1.497246448837282529e+01 -4.318824194549929985e+01
1.499891953202914330e+01 -4.250523404703004360e+01
1.502542131944868942e+01 -4.154573715535212841e+01
1.505196993322361543e+01 -4.032545765232043067e+01
1.507856545609202925e+01 -3.887066985074206826e+01
1.510520797093822942e+01 -3.720773887604558894e+01
1.513189756079294312e+01 -3.535471477161152620e+01
1.515863430883362817e+01 -3.331573623810810858e+01
1.518541829838470036e+01 -3.107651097751519842e+01
1.521224961291780176e+01 -2.859797368675414475e+01
1.523912833605207240e+01 -2.580401180263222471e+01
1.526605455155437419e+01 -2.255653741878980867e+01
1.529302834333961236e+01 -1.861345472153848490e+01
1.532004979547092560e+01 -1.371169721887986626e+01
1.534711899216001463e+01 -9.807176330463565961e+00
1.537423601776736248e+01 -1.197825248639781037e+01
1.540140095680251164e+01 -1.511890465867651656e+01
1.542861389392433402e+01 -1.730634085054042970e+01
1.545587491394126012e+01 -1.880937376498710023e+01
1.548318410181159699e+01 -1.987514990470600296e+01
1.551054154264376272e+01 -2.064959265909230268e+01
1.553794732169653159e+01 -2.122043056954321827e+01
1.556540152437934843e+01 -2.164327423790171068e+01
1.559290423625255961e+01 -2.195515217611673009e+01
1.562045554302768657e+01 -2.218175030889156574e+01
1.564805553056770826e+01 -2.234149295353606846e+01
1.567570428488728851e+01 -2.244796373008263757e+01
1.570340189215309756e+01 -2.251140782963392795e+01
1.573114843868405544e+01 -2.253970111677197607e+01
1.575894401095157349e+01 -2.253899646906403831e+01
1.578678869557987596e+01 -2.251416739534076328e+01
1.581468257934623800e+01 -2.246912017021086427e+01
1.584262574918125921e+01 -2.240701825660705637e+01
1.587061829216914965e+01 -2.233044675187814221e+01
1.589866029554796256e+01 -2.224153491737902755e+01
1.592675184670991939e+01 -2.214204883997891216e+01
1.595489303320165320e+01 -2.203346243947854788e+01
1.598308394272446620e+01 -2.191701253173607711e+01
1.601132466313464064e+01 -2.179374198667808216e+01
1.603961528244368395e+01 -2.166453388416570647e+01
1.606795588881861292e+01 -2.153013878429871042e+01
1.609634657058224150e+01 -2.139119667572128236e+01
1.612478741621341172e+01 -2.124825477087638248e+01
1.615327851434732764e+01 -2.110178203177820677e+01
1.618181995377580051e+01 -2.095218110094437236e+01
1.621041182344750808e+01 -2.079979815742387572e+01
1.623905421246831438e+01 -2.064493110209540561e+01
1.626774721010152547e+01 -2.048783638894514780e+01
1.629649090576815951e+01 -2.032873475234420368e+01
1.632528538904723092e+01 -2.016781602907249749e+01
1.635413074967603464e+01 -2.000524323410019534e+01
1.638302707755044452e+01 -1.984115601811897989e+01
1.641197446272513005e+01 -1.967567361043262153e+01
1.644097299541391877e+01 -1.950889733152312999e+01
1.647002276599001647e+01 -1.934091274425517781e+01
1.649912386498632344e+01 -1.917179150038415969e+01
1.652827638309570446e+01 -1.900159292913788533e+01
1.655748041117124814e+01 -1.883036540663219327e+01
1.658673604022659376e+01 -1.865814753836822959e+01
1.661604336143619776e+01 -1.848496918173920278e+01
1.664540246613559304e+01 -1.831085233110709609e+01
1.667481344582170522e+01 -1.813581188441025915e+01
1.670427639215313675e+01 -1.795985630728429783e+01
1.673379139695042994e+01 -1.778298820820332438e+01
1.676335855219637949e+01 -1.760520483608114617e+01
1.679297795003627769e+01 -1.742649851004411587e+01
1.682264968277825901e+01 -1.724685698962962732e+01
1.685237384289355589e+01 -1.706626379243897063e+01
1.688215052301676522e+01 -1.688469846522946582e+01
1.691197981594617872e+01 -1.670213681354598023e+01
1.694186181464406005e+01 -1.651855109423476620e+01
1.697179661223692193e+01 -1.633391017453151761e+01
1.700178430201582813e+01 -1.614817966085411172e+01
1.703182497743665991e+01 -1.596132199994350742e+01
1.706191873212044996e+01 -1.577329655456996704e+01
1.709206565985365600e+01 -1.558405965564831241e+01
1.712226585458841299e+01 -1.539356463227351135e+01
1.715251941044289552e+01 -1.520176182088972361e+01
1.718282642170156294e+01 -1.500859855453992253e+01
1.721318698281546844e+01 -1.481401913289519356e+01
1.724360118840256817e+01 -1.461796477353669133e+01
1.727406913324795923e+01 -1.442037354474942745e+01
1.730459091230426338e+01 -1.422118027988173061e+01
1.733516662069183667e+01 -1.402031647312938389e+01
1.736579635369912467e+01 -1.381771015640481615e+01
1.739648020678293605e+01 -1.361328575676003005e+01
1.742721827556874814e+01 -1.340696393363090522e+01
1.745801065585100176e+01 -1.319866139496605939e+01
1.748885744359337124e+01 -1.298829069108828094e+01
1.751975873492912328e+01 -1.277575998490618581e+01
1.755071462616137623e+01 -1.256097279685098478e+01
1.758172521376338793e+01 -1.234382772264406469e+01
1.761279059437889671e+01 -1.212421812171024804e+01
1.764391086482239857e+01 -1.190203177373086163e+01
1.767508612207944907e+01 -1.167715050047238989e+01
1.770631646330697961e+01 -1.144944974962940876e+01
1.773760198583355674e+01 -1.121879813697395534e+01
1.776894278715975517e+01 -1.098505694260062171e+01
1.780033896495841361e+01 -1.074807955649223601e+01
1.783179061707493318e+01 -1.050771086798732412e+01
1.786329784152762201e+01 -1.026378659300431906e+01
1.789486073650796527e+01 -1.001613253205268173e+01
1.792647940038094845e+01 -9.764563751118403800e+00
1.795815393168537000e+01 -9.508883676444328970e+00
1.798988442913410779e+01 -9.248883093005735745e+00
1.802167099161448505e+01 -8.984339035094169645e+00
1.805351371818854744e+01 -8.715013555846869764e+00
1.808541270809335089e+01 -8.440652360766170759e+00
1.811736806074132033e+01 -8.160983288246310252e+00
1.814937987572052336e+01 -7.875714617842881182e+00
1.818144825279499699e+01 -7.584533184460227062e+00
1.821357329190505681e+01 -7.287102273798193863e+00
1.824575509316757405e+01 -6.983059271297078041e+00
1.827799375687634864e+01 -6.672013033492349976e+00
1.831028938350239343e+01 -6.353540947239842751e+00
1.834264207369421840e+01 -6.027185638861245920e+00
1.837505192827818590e+01 -5.692451292206692770e+00
1.840751904825881624e+01 -5.348799532445275062e+00
1.844004353481909675e+01 -4.995644831908263583e+00
1.847262548932076598e+01 -4.632349396879240189e+00
1.850526501330469742e+01 -4.258217501990336551e+00
1.853796220849117304e+01 -3.872489255271033493e+00
1.857071717678017109e+01 -3.474333807301035471e+00
1.860353002025175684e+01 -3.062842070943896378e+00
1.863640084116634910e+01 -2.637019107436096910e+00
1.866932974196505057e+01 -2.195776481954002435e+00
1.870231682526998185e+01 -1.737925132108457449e+00
1.873536219388454782e+01 -1.262169682308776686e+00
1.876846595079384628e+01 -7.671057664603530002e-01
1.880162819916492012e+01 -2.512229384878637561e-01
1.883484904234708779e+01 2.870826055546126798e-01
1.886812858387229141e+01 8.494786091779631398e-01
1.890146692745540591e+01 1.437639451280381619e+00
1.893486417699456226e+01 2.053142822756074626e+00
1.896832043657146727e+01 2.697291150215717970e+00
1.900183581045171266e+01 3.370811134495681927e+00
1.903541040308515875e+01 4.073358586325896979e+00
1.906904431910617248e+01 4.802719556811940294e+00
1.910273766333403955e+01 5.553558155483510284e+00
1.913649054077323086e+01 6.315543846007982687e+00
1.917030305661376133e+01 7.070778876105746846e+00
1.920417531623150253e+01 7.790826261002670172e+00
1.923810742518852734e+01 8.434587988014575544e+00
1.927209948923339766e+01 8.949812591248182514e+00
1.930615161430156235e+01 9.281822665161193697e+00
1.934026390651561300e+01 9.389966648924035653e+00
1.937443647218567477e+01 9.264288802424074376e+00
1.940866941780970834e+01 8.930157142701197870e+00
1.944296285007384739e+01 8.436891441888377585e+00
1.947731687585272198e+01 7.839719749695396089e+00
1.951173160220982439e+01 7.186435476000316847e+00
1.954620713639777918e+01 6.512310075133558307e+00
1.958074358585875885e+01 5.840667486854451695e+00
1.961534105822473961e+01 5.185634385569082738e+00
1.964999966131789577e+01 4.555013335713475442e+00
1.968471950315091590e+01 3.952543939303208909e+00
1.971950069192732968e+01 3.379476261050902597e+00
1.975434333604185611e+01 2.835597564273653504e+00
1.978924754408074449e+01 2.319877908252113485e+00
1.982421342482208360e+01 1.830866297100419260e+00
1.985924108723619241e+01 1.366928893900273945e+00
1.989433064048590794e+01 9.263890634250331324e-01
1.992948219392695819e+01 5.076070807209509539e-01
1.996469585710829975e+01 1.090230902794926404e-01
1.999997173977244458e+01 -2.708220956302785365e-01
2.003530995185582597e+01 -6.332793703646737438e-01
2.007071060348908276e+01 -9.795913539559453209e-01
2.010617380499749984e+01 -1.310896678668398874e+00
2.014169966690125335e+01 -1.628236479393395886e+00
2.017728829991581918e+01 -1.932561848176899355e+00
2.021293981495229986e+01 -2.224741519096873343e+00
2.024865432311776203e+01 -2.505569363075719203e+00
2.028443193571559533e+01 -2.775771465120499215e+00
2.032027276424584983e+01 -3.036012674237904108e+00
2.035617692040557358e+01 -3.286902587074385096e+00
2.039214451608919987e+01 -3.529000967820894896e+00
2.042817566338883140e+01 -3.762822630165382876e+00
2.046427047459466664e+01 -3.988841819051452298e+00
2.050042906219529470e+01 -4.207496135094091372e+00
2.053665153887806127e+01 -4.419190045498452513e+00
2.057293801752942386e+01 -4.624298023953995695e+00
2.060928861123531064e+01 -4.823167359331873350e+00
2.064570343328142954e+01 -5.016120669767637708e+00
2.068218259715369456e+01 -5.203458155273614771e+00
2.071872621653850288e+01 -5.385459618631917245e+00
2.075533440532315410e+01 -5.562386281115693443e+00
2.079200727759616640e+01 -5.734482416625258594e+00
2.082874494764764250e+01 -5.901976825151672656e+00
2.086554752996962847e+01 -6.065084164084724172e+00
2.090241513925647254e+01 -6.224006153761130200e+00
2.093934789040515554e+01 -6.378932671782203911e+00
2.097634589851569942e+01 -6.530042748999464131e+00
2.101340927889146926e+01 -6.677505478646099668e+00
2.105053814703958892e+01 -6.821480848868551661e+00
2.108773261867125726e+01 -6.962120507857854967e+00
2.112499280970212823e+01 -7.099568469887563182e+00
2.116231883625267329e+01 -7.233961769812080611e+00
2.119971081464854024e+01 -7.365431072961418302e+00
2.123716886142089422e+01 -7.494101246871929689e+00
2.127469309330683345e+01 -7.620091900917041805e+00
2.131228362724967695e+01 -7.743517899639995150e+00
2.134994058039941223e+01 -7.864489855449690481e+00
2.138766407011300430e+01 -7.983114606318943984e+00
2.142545421395478300e+01 -8.099495684238997129e+00
2.146331112969680888e+01 -8.213733780445570787e+00
2.150123493531920360e+01 -8.325927213864719789e+00
2.153922574901060116e+01 -8.436172409864212796e+00
2.157728368916840722e+01 -8.544564397277291334e+00
2.161540887439926806e+01 -8.651197332856233047e+00
2.165360142351938677e+01 -8.756165063882175303e+00
2.169186145555489986e+01 -8.859561741722341566e+00
2.173018908974225738e+01 -8.961482501820952962e+00
2.176858444552859240e+01 -9.062024229137399800e+00
2.180704764257206918e+01 -9.161286432669054847e+00
2.184557880074230951e+01 -9.259372258788246768e+00
2.188417804012070178e+01 -9.356389681194116292e+00
2.192284548100083441e+01 -9.452452916056962806e+00
2.196158124388883692e+01 -9.547684125434045654e+00
2.200038544950375297e+01 -9.642215491740200761e+00
2.203925821877793823e+01 -9.736191773098937574e+00
2.207819967285743346e+01 -9.829773486934435311e+00
2.211720993310229488e+01 -9.923140921902609435e+00
2.215628912108705961e+01 -1.001649925334864477e+01
2.219543735860103340e+01 -1.011008514594541197e+01
2.223465476764874893e+01 -1.020417538634565524e+01
2.227394147045028916e+01 -1.029909832632866795e+01
2.231329758944169939e+01 -1.039524927850303726e+01
2.235272324727534965e+01 -1.049311156833332426e+01
2.239221856682035039e+01 -1.059328583920228262e+01
2.243178367116286509e+01 -1.069653166358775209e+01
2.247141868360658989e+01 -1.080382795791885009e+01
2.251112372767304137e+01 -1.091646293671255386e+01
2.255089892710202548e+01 -1.103617196468965389e+01
2.259074440585196442e+01 -1.116535596937410446e+01
2.263066028810031938e+01 -1.130744126547033801e+01
2.267064669824396006e+01 -1.146750049427548213e+01
2.271070376089953058e+01 -1.165338602534965773e+01
2.275083160090389711e+01 -1.187794747901705250e+01
2.279103034331446409e+01 -1.216377089674307754e+01
2.283130011340963250e+01 -1.255455941833203148e+01
2.287164103668915160e+01 -1.314727476838503861e+01
2.291205323887451328e+01 -1.420800561108493909e+01
2.295253684590934995e+01 -1.680325999595923037e+01
2.299309198395983600e+01 -1.977003780782679598e+01
2.303371877941503953e+01 -3.229845716708418912e+00
2.307441735888738776e+01 -7.021034964448144677e+00
2.311518784921297964e+01 -8.532370336324618165e+00
2.315603037745205839e+01 -9.287772838319716229e+00
2.319694507088934898e+01 -9.750501257033404201e+00
2.323793205703449516e+01 -1.007074719202260660e+01
2.327899146362242178e+01 -1.031097030445042506e+01
2.332012341861377536e+01 -1.050168811164851590e+01
2.336132805019525449e+01 -1.065956019183109760e+01
2.340260548678010011e+01 -1.079444760299237061e+01
2.344395585700840456e+01 -1.091255873622534800e+01
2.348537928974759126e+01 -1.101799709339184119e+01
2.352687591409276635e+01 -1.111358371188358873e+01
2.356844585936713798e+01 -1.120132193160602085e+01
2.361008925512241419e+01 -1.128267363997727557e+01
2.365180623113922564e+01 -1.135873053118828224e+01
2.369359691742747742e+01 -1.143032414041884159e+01
2.373546144422683923e+01 -1.149809874270115273e+01
2.377739994200704743e+01 -1.156256095155360342e+01
2.381941254146841658e+01 -1.162411425978320700e+01
2.386149937354216988e+01 -1.168308359276745811e+01
2.390366056939089034e+01 -1.173973308254574732e+01
2.394589626040890096e+01 -1.179427914441443725e+01
2.398820657822270519e+01 -1.184690023735215370e+01
2.403059165469136005e+01 -1.189774424354252602e+01
2.407305162190689174e+01 -1.194693411189363630e+01
2.411558661219475752e+01 -1.199457221764980730e+01
2.415819675811420808e+01 -1.204074375983629963e+01
2.420088219245871031e+01 -1.208551942867365447e+01
2.424364304825637362e+01 -1.212895751256025889e+01
2.428647945877035852e+01 -1.217110556995622872e+01
2.432939155749926030e+01 -1.221200175975674185e+01
2.437237947817760642e+01 -1.225167590069863799e+01
2.441544335477616201e+01 -1.229015031342264486e+01
2.445858332150245218e+01 -1.232744048625443334e+01
2.450179951280112434e+01 -1.236355559634935730e+01
2.454509206335436744e+01 -1.239849891071486532e+01
2.458846110808235252e+01 -1.243226808617443524e+01
2.463190678214364837e+01 -1.246485538313397967e+01
2.467542922093560875e+01 -1.249624780474329100e+01
2.471902856009485916e+01 -1.252642717048312093e+01
2.476270493549764851e+01 -1.255537013118504852e+01
2.480645848326033587e+01 -1.258304813088446039e+01
2.485028933973977061e+01 -1.260942731962533614e+01
2.489419764153374004e+01 -1.263446842031275352e+01
2.493818352548138506e+01 -1.265812655189726854e+01
2.498224712866364072e+01 -1.268035101054011804e+01
2.502638858840361635e+01 -1.270108500992883371e+01
2.507060804226711070e+01 -1.272026538157554398e+01
2.511490562806293525e+01 -1.273782223573313566e+01
2.515928148384343999e+01 -1.275367858351247996e+01
2.520373574790487936e+01 -1.276774992089106675e+01
2.524826855878788123e+01 -1.277994377559417671e+01
2.529288005527784833e+01 -1.279015921833767955e+01
2.533757037640542364e+01 -1.279828634069543547e+01
2.538233966144686704e+01 -1.280420570295525984e+01
2.542718804992457748e+01 -1.280778775683793569e+01
2.547211568160742701e+01 -1.280889224997664222e+01
2.551712269651129006e+01 -1.280736762172241860e+01
2.556220923489941299e+01 -1.280305040331994881e+01
2.560737543728288657e+01 -1.279576463999651459e+01
2.565262144442107939e+01 -1.278532135828429972e+01
2.569794739732203226e+01 -1.277151810927509246e+01
2.574335343724298752e+01 -1.275413862788250974e+01
2.578883970569072304e+01 -1.273295266004531356e+01
2.583440634442208506e+01 -1.270771602473034179e+01
2.588005349544438616e+01 -1.267817099628511102e+01
2.592578130101584222e+01 -1.264404711596539066e+01
2.597158990364603426e+01 -1.260506257025855881e+01
2.601747944609635965e+01 -1.256092630896881879e+01
2.606345007138041581e+01 -1.251134111899482271e+01
2.610950192276455795e+01 -1.245600792130786338e+01
2.615563514376821175e+01 -1.239463161955139014e+01
2.620184987816444178e+01 -1.232692889902066469e+01
2.624814626998032807e+01 -1.225263845346056435e+01
2.629452446349743511e+01 -1.217153420095935346e+01
2.634098460325225943e+01 -1.208344213261165123e+01
2.638752683403669863e+01 -1.198826150651651190e+01
2.643415130089843856e+01 -1.188599113474922575e+01
2.648085814914150760e+01 -1.177676147984968225e+01
2.652764752432662831e+01 -1.166087313116913293e+01
2.657451957227173978e+01 -1.153884189984203879e+01
2.662147443905242739e+01 -1.141145015954168507e+01
2.666851227100238120e+01 -1.127980305174977360e+01
2.671563321471384000e+01 -1.114538664451829675e+01
2.676283741703807806e+01 -1.101012298726687710e+01
2.681012502508580653e+01 -1.087641424697643799e+01
2.685749618622771706e+01 -1.074716496715817193e+01
2.690495104809483351e+01 -1.062576855465357539e+01
2.695248975857908391e+01 -1.051604247214311982e+01
2.700011246583368418e+01 -1.042209790411410708e+01
2.704781931827363195e+01 -1.034813566054071998e+01
2.709561046457616840e+01 -1.029817194499014477e+01
2.714348605368119749e+01 -1.027571464671753354e+01
2.719144623479184020e+01 -1.028342939484054419e+01
2.723949115737478976e+01 -1.032284829469727150e+01
2.728762097116088370e+01 -1.039417595989595533e+01
2.733583582614549456e+01 -1.049623323241388206e+01
2.738413587258903092e+01 -1.062655134720292693e+01
2.743252126101740274e+01 -1.078159713550242316e+01
2.748099214222249032e+01 -1.095708436688961562e+01
2.752954866726257421e+01 -1.114831535099282434e+01
2.757819098746289654e+01 -1.135050156034649582e+01
2.762691925441602336e+01 -1.155902741947596724e+01
2.767573361998240955e+01 -1.176964027692729786e+01
2.772463423629082513e+01 -1.197856592387828201e+01
2.777362125573883489e+01 -1.218255982224588152e+01
2.782269483099327445e+01 -1.237890921795819565e+01
2.787185511499075474e+01 -1.256540191165938225e+01
2.792110226093805636e+01 -1.274027544691938729e+01
2.797043642231272287e+01 -1.290215738553325231e+01
2.801985775286342673e+01 -1.305000417646201427e+01
2.806936640661054483e+01 -1.318304340809106812e+01
2.811896253784657063e+01 -1.330072214017976151e+01
2.816864630113662926e+01 -1.340266252581436390e+01
2.821841785131894298e+01 -1.348862495269914419e+01
2.826827734350533916e+01 -1.355847833393038648e+01
2.831822493308166599e+01 -1.361217684850045906e+01
2.836826077570838223e+01 -1.364974228127414690e+01
2.841838502732093374e+01 -1.367125107491428082e+01
2.846859784413032912e+01 -1.367682523642411674e+01
2.851889938262357660e+01 -1.366662630850878202e+01
2.856928979956417791e+01 -1.364085170198134200e+01
2.861976925199262922e+01 -1.359973277869169550e+01
2.867033789722691495e+01 -1.354353416854353753e+01
2.872099589286294119e+01 -1.347255389558053551e+01
2.877174339677513260e+01 -1.338712397492663975e+01
2.882258056711680894e+01 -1.328761122333391498e+01
2.887350756232076776e+01 -1.317441810021316151e+01
2.892452454109974269e+01 -1.304798346226862371e+01
2.897563166244688304e+01 -1.290878317207191728e+01
2.902682908563629738e+01 -1.275733054783131948e+01
2.907811697022345498e+01 -1.259417667690062181e+01
2.912949547604582179e+01 -1.241991063782421634e+01
2.918096476322321209e+01 -1.223515968346707616e+01
2.923252499215840317e+01 -1.204058942938011967e+01
2.928417632353758648e+01 -1.183690406507902892e+01
2.933591891833085796e+01 -1.162484655893010199e+01
2.938775293779274023e+01 -1.140519875675428096e+01
2.943967854346269419e+01 -1.117878117619517830e+01
2.949169589716556317e+01 -1.094645216873682436e+01
2.954380516101216969e+01 -1.070910595403741539e+01
2.959600649739973122e+01 -1.046766882260804721e+01
2.964830006901243564e+01 -1.022309255086299373e+01
2.970068603882191383e+01 -9.976343780865853716e+00
2.975316457008774762e+01 -9.728387799907658007e+00
2.980573582635798502e+01 -9.480164844513037536e+00
2.985839997146967306e+01 -9.232556809488192684e+00
2.991115716954928416e+01 -8.986342164822421097e+00
2.996400758501336270e+01 -8.742137122826985518e+00
3.001695138256889450e+01 -8.500321864448647347e+00
3.006998872721393568e+01 -8.260952187696810611e+00
3.012311978423806025e+01 -8.023659557030200062e+00
3.017634471922290729e+01 -7.787546412284673814e+00
3.022966369804266762e+01 -7.551088712701781169e+00
3.028307688686464161e+01 -7.312063560283602826e+00
3.033658445214969035e+01 -7.067525157900256261e+00
3.039018656065284674e+01 -6.813855207047269325e+00
3.044388337942373823e+01 -6.546911304592805791e+00
3.049767507580718728e+01 -6.262286209016684424e+00
3.055156181744369448e+01 -5.955670963856931621e+00
3.060554377226995726e+01 -5.623288426546777075e+00
3.065962110851942768e+01 -5.262338152717431328e+00
3.071379399472276361e+01 -4.871379412566263056e+00
3.076806259970845403e+01 -4.450585292920940184e+00
3.082242709260324531e+01 -4.001828685825653764e+00
3.087688764283274878e+01 -3.528601553456931939e+00
3.093144442012193451e+01 -3.035806736757157953e+00
3.098609759449565004e+01 -2.529482981407577213e+00
3.104084733627917103e+01 -2.016523615165502825e+00
3.109569381609873062e+01 -1.504431843178787087e+00
3.115063720488200261e+01 -1.001130567449309616e+00
3.120567767385873736e+01 -5.148212111097477672e-01
3.126081539456116687e+01 -5.386977618665918233e-02
3.131605053882465484e+01 3.733090838103728659e-01
3.137138327878816924e+01 7.583986444863668464e-01
3.142681378689483296e+01 1.093379166606383901e+00
3.148234223589245317e+01 1.370789880136687122e+00
3.153796879883409332e+01 1.584050142153653695e+00
3.159369364907853495e+01 1.727820717820949259e+00
3.164951696029092787e+01 1.798371710746465624e+00
3.170543890644322005e+01 1.793912419195236030e+00
3.176145966181479352e+01 1.714833015554886098e+00
3.181757940099295112e+01 1.563811257147318390e+00
3.187379829887347782e+01 1.345751314838398160e+00
3.193011653066118782e+01 1.067545444622424622e+00
3.198653427187047171e+01 7.376779176078118727e-01
3.204305169832580447e+01 3.657166494310029603e-01
3.209966898616237785e+01 -3.824618390565003023e-02
3.215638631182655161e+01 -4.641413135852886507e-01
3.221320385207648940e+01 -9.024045488277642191e-01
3.227012178398264552e+01 -1.344358795516774618e+00
3.232714028492836178e+01 -1.782479675598981572e+00
3.238425953261038615e+01 -2.210544541219887194e+00
3.244147970503946965e+01 -2.623676145465961618e+00
3.249880098054084954e+01 -3.018299215685803283e+00
3.255622353775485323e+01 -3.392031516151767345e+00
3.261374755563748096e+01 -3.743531557491768691e+00
3.267137321346091738e+01 -4.072323594082726927e+00
3.272910069081410711e+01 -4.378617517907484213e+00
3.278693016760331602e+01 -4.663137284743008593e+00
3.284486182405268551e+01 -4.926967200657931478e+00
3.290289584070477957e+01 -5.171421314211012366e+00
3.296103239842120303e+01 -5.397937722998403132e+00
3.301927167838307753e+01 -5.607997036616168884e+00
3.307761386209170240e+01 -5.803062574593974787e+00
3.313605913136904491e+01 -5.984539009232710427e+00
3.319460766835836552e+01 -6.153745906926396891e+00
3.325325965552472240e+01 -6.311902778923156099e+00
3.331201527565561094e+01 -6.460122647841656018e+00
3.337087471186143972e+01 -6.599411634700355300e+00
3.342983814757622696e+01 -6.730672581382581399e+00
3.348890576655803386e+01 -6.854711191413600524e+00
3.354807775288964677e+01 -6.972243571760992076e+00
3.360735429097911720e+01 -7.083904382800679578e+00
3.366673556556030888e+01 -7.190255056337717221e+00
3.372622176169350894e+01 -7.291791731803625609e+00
3.378581306476598201e+01 -7.388952699534785395e+00
3.384550966049253873e+01 -7.482125238240959320e+00
3.390531173491617523e+01 -7.571651801034917639e+00
3.396521947440855627e+01 -7.657835548725850039e+00
3.402523306567068317e+01 -7.740945256853912326e+00
3.408535269573344095e+01 -7.821219639054204364e+00
3.414557855195817382e+01 -7.898871137454346325e+00
3.420591082203727495e+01 -7.974089233604658489e+00
3.426634969399480468e+01 -8.047043332831309570e+00
3.432689535618697363e+01 -8.117885272233442251e+00
3.438754799730289591e+01 -8.186751498736779098e+00
3.444830780636497991e+01 -8.253764959281685520e+00
3.450917497272970280e+01 -8.319036740767826288e+00
3.457014968608808658e+01 -8.382667493041527251e+00
3.463123213646632337e+01 -8.444748664148214345e+00
3.469242251422637935e+01 -8.505363573348699191e+00
3.475372101006652770e+01 -8.564588344049617774e+00
3.481512781502205911e+01 -8.622492715822980713e+00
3.487664312046572235e+01 -8.679140752070765075e+00
3.493826711810848451e+01 -8.734591457604167886e+00
3.500000000000000000e+01 -8.788899318418579298e+00
