4.458542583206309140e-01
-9.656812114113944023e-02
5.410938995036876920e-01
1.042061474909150576e-02
6.624139500832164629e-01
1.773305130303113319e+00
2.208209331377045670e-01
2.446935106290287765e-01
-1.162433807101059813e+00
-3.299248811845672691e+01
-4.679851637999846048e+00
0.000000000000000000e+00
0.000000000000000000e+00
0.000000000000000000e+00
0.000000000000000000e+00
1.000000000000000000e+00
1.000000000000000000e+00
1.000000000000000000e+00
1.000000000000000000e+00
1.000000000000000000e+00
1.000000000000000000e+00
1.000000000000000000e+00
