4.547848399860593971e-01
1.941323737921138992e-01
4.209006429482434752e-01
1.380659107275141961e+00
1.331909723862430006e+00
6.008974211822399880e+00
5.960818807368745142e-02
2.794568151109616538e-02
-3.546119470658237294e+00
-2.987208277187264116e+00
-9.688929303815161376e-01
0.000000000000000000e+00
0.000000000000000000e+00
0.000000000000000000e+00
0.000000000000000000e+00
1.000000000000000000e+00
1.000000000000000000e+00
1.000000000000000000e+00
1.000000000000000000e+00
1.000000000000000000e+00
1.000000000000000000e+00
1.000000000000000000e+00
