2.128607052594478910e-01
3.145837404945526217e-01
7.353972901996795875e-01
1.736006399759471464e+00
-4.664769085095192835e-01
9.794566321445206114e+00
4.465971733575676561e-01
1.048575848771877150e-01
-5.490341155235558546e-01
-1.684283404351285185e+01
-1.131985385080628959e+00
0.000000000000000000e+00
0.000000000000000000e+00
0.000000000000000000e+00
0.000000000000000000e+00
1.000000000000000000e+00
1.000000000000000000e+00
1.000000000000000000e+00
1.000000000000000000e+00
1.000000000000000000e+00
1.000000000000000000e+00
1.000000000000000000e+00
