5.802198227121563995e-02
-3.160934509655809882e-02
2.453480135927734729e-01
1.808149665501637138e-01
2.011780626599644350e-01
3.090429255239013351e+00
1.183601781319232743e-01
1.366124982685850385e-02
-9.940542701262951031e-01
-2.865165518164920044e+01
-1.471386926974763032e+00
-1.009159452668662108e-04
-4.921706466322506295e-06
-1.208452235594134616e-01
-1.096963709644845249e-02
8.685280159552248858e-01
2.270046857511965038e-03
2.042851155865982923e-03
2.463907639197213378e-03
7.884887575017766187e-03
2.472310479135396769e-02
2.059025456021611189e-01
