5.802198227121579260e-02
-3.160934509655802249e-02
2.453480135927720296e-01
1.808149665501643522e-01
2.011780626599651289e-01
3.090429255239007134e+00
1.183601781319232188e-01
1.366124982685850385e-02
-9.940542701262945480e-01
-2.865165518164921465e+01
-1.471386926974762144e+00
-1.009159452668672408e-04
-4.921706466322719747e-06
-1.208452235594134200e-01
-1.096963709644848892e-02
8.685280159552251078e-01
2.270046857511963303e-03
2.042851155865988127e-03
2.463907639197215112e-03
7.884887575017766187e-03
2.472310479135395034e-02
2.059025456021613965e-01
