1.764129215451140653e-01
-3.815382857089347768e-01
5.269111150699312685e-02
1.544181793740270203e+00
-1.268663451104075524e+00
3.286943947514163966e+00
2.200333130408232973e-02
1.111063174497106121e-01
-3.725219893563479268e+00
-1.357103389274897154e+01
-5.795318300335275730e+00
0.000000000000000000e+00
0.000000000000000000e+00
0.000000000000000000e+00
0.000000000000000000e+00
1.000000000000000000e+00
1.000000000000000000e+00
1.000000000000000000e+00
1.000000000000000000e+00
1.000000000000000000e+00
1.000000000000000000e+00
1.000000000000000000e+00
