5.802198227121568158e-02
-3.160934509655800861e-02
2.453480135927730288e-01
1.808149665501637138e-01
2.011780626599658783e-01
3.090429255239012907e+00
1.183601781319233298e-01
1.366124982685862875e-02
-9.940542701262956582e-01
-2.865165518164918623e+01
-1.471386926974762588e+00
-1.009159452668658720e-04
-4.921706466323000115e-06
-1.208452235594134755e-01
-1.096963709644862943e-02
8.685280159552248858e-01
2.270046857511965471e-03
2.042851155865994198e-03
2.463907639197213378e-03
7.884887575017767922e-03
2.472310479135394340e-02
2.059025456021613409e-01
