3.027970237580490109e-01
1.818530051599173136e-01
9.640129931822120080e-01
1.941693902895291757e-01
1.211202387098190059e+00
4.809414788335862667e+00
4.773639457322875757e-01
4.719353308289697124e-01
-1.288935919626825743e+00
-4.741174919411486144e+01
-1.009109439409007436e+00
0.000000000000000000e+00
0.000000000000000000e+00
0.000000000000000000e+00
0.000000000000000000e+00
1.000000000000000000e+00
1.000000000000000000e+00
1.000000000000000000e+00
1.000000000000000000e+00
1.000000000000000000e+00
1.000000000000000000e+00
1.000000000000000000e+00
