5.802198227121566076e-02
-3.160934509655820984e-02
2.453480135927732786e-01
1.808149665501639081e-01
2.011780626599638799e-01
3.090429255239012019e+00
1.183601781319232327e-01
1.366124982685870681e-02
-9.940542701262947700e-01
-2.865165518164925018e+01
-1.471386926974763920e+00
-1.009159452668679862e-04
-4.921706466323013667e-06
-1.208452235594135310e-01
-1.096963709644807432e-02
8.685280159552247747e-01
2.270046857511964170e-03
2.042851155865985525e-03
2.463907639197212510e-03
7.884887575017766187e-03
2.472310479135394340e-02
2.059025456021612299e-01
