1.185376511659381182e-01
2.475492833964876294e-01
3.286492417584855330e-01
2.219286783395040263e-01
-4.252008299870362329e-01
5.376667317354275610e+00
3.211998385705645553e-01
1.225942078888886955e-01
-1.256056004992330166e+00
-3.388237186863490535e+01
-8.054721635286856696e-01
0.000000000000000000e+00
0.000000000000000000e+00
0.000000000000000000e+00
0.000000000000000000e+00
1.000000000000000000e+00
1.000000000000000000e+00
1.000000000000000000e+00
1.000000000000000000e+00
1.000000000000000000e+00
1.000000000000000000e+00
1.000000000000000000e+00
