5.802198227121577179e-02
-3.160934509655815433e-02
2.453480135927722516e-01
1.808149665501639636e-01
2.011780626599659616e-01
3.090429255239010242e+00
1.183601781319233021e-01
1.366124982685831303e-02
-9.940542701262952141e-01
-2.865165518164921821e+01
-1.471386926974763254e+00
-1.009159452668683521e-04
-4.921706466323288953e-06
-1.208452235594134894e-01
-1.096963709644823391e-02
8.685280159552251078e-01
2.270046857511963303e-03
2.042851155865992030e-03
2.463907639197212510e-03
7.884887575017762718e-03
2.472310479135392605e-02
2.059025456021612854e-01
