4.807365149511786395e-01
-3.628376960730729239e-01
9.869702411791141383e-01
1.007164036890118242e+00
1.798994129823726418e+00
3.582381492688424540e-01
1.088758767682398432e-01
1.952820774859679309e-01
-8.799694585283903692e-01
-1.438051912509006769e+01
-1.530044780043359864e+00
0.000000000000000000e+00
0.000000000000000000e+00
0.000000000000000000e+00
0.000000000000000000e+00
1.000000000000000000e+00
1.000000000000000000e+00
1.000000000000000000e+00
1.000000000000000000e+00
1.000000000000000000e+00
1.000000000000000000e+00
1.000000000000000000e+00
