5.802198227121569546e-02
-3.160934509655815433e-02
2.453480135927729455e-01
1.808149665501641024e-01
2.011780626599651289e-01
3.090429255239009798e+00
1.183601781319232465e-01
1.366124982685846742e-02
-9.940542701262947700e-01
-2.865165518164924308e+01
-1.471386926974763698e+00
-1.009159452668708458e-04
-4.921706466322817156e-06
-1.208452235594136143e-01
-1.096963709644802401e-02
8.685280159552247747e-01
2.270046857511963303e-03
2.042851155865988561e-03
2.463907639197212944e-03
7.884887575017764452e-03
2.472310479135395381e-02
2.059025456021613409e-01
