5.802198227121577873e-02
-3.160934509655807800e-02
2.453480135927721406e-01
1.808149665501639636e-01
2.011780626599648514e-01
3.090429255239010686e+00
1.183601781319232604e-01
1.366124982685885773e-02
-9.940542701262951031e-01
-2.865165518164923597e+01
-1.471386926974763476e+00
-1.009159452668667936e-04
-4.921706466323088206e-06
-1.208452235594135310e-01
-1.096963709644866933e-02
8.685280159552251078e-01
2.270046857511965038e-03
2.042851155865983790e-03
2.463907639197213811e-03
7.884887575017766187e-03
2.472310479135393299e-02
2.059025456021612577e-01
