6.741023234424625699e-02
-1.468519319762006115e-01
3.897499791024476856e-01
1.960400026349322422e+00
-1.364263947494701146e+00
4.276188991790428773e+00
1.471127151261515387e-01
3.352122852458239155e-01
-3.215943476554754099e+00
-2.988845855717847044e+01
-3.318176228944027528e+00
0.000000000000000000e+00
0.000000000000000000e+00
0.000000000000000000e+00
0.000000000000000000e+00
1.000000000000000000e+00
1.000000000000000000e+00
1.000000000000000000e+00
1.000000000000000000e+00
1.000000000000000000e+00
1.000000000000000000e+00
1.000000000000000000e+00
