5.802198227121575791e-02
-3.160934509655783514e-02
2.453480135927723071e-01
1.808149665501638526e-01
2.011780626599654620e-01
3.090429255239011574e+00
1.183601781319233298e-01
1.366124982685840150e-02
-9.940542701262955472e-01
-2.865165518164918268e+01
-1.471386926974762366e+00
-1.009159452668655197e-04
-4.921706466322592692e-06
-1.208452235594133367e-01
-1.096963709644968588e-02
8.685280159552248858e-01
2.270046857511964604e-03
2.042851155865995066e-03
2.463907639197215546e-03
7.884887575017766187e-03
2.472310479135393993e-02
2.059025456021613132e-01
