5.802198227121560525e-02
-3.160934509655830005e-02
2.453480135927739170e-01
1.808149665501641301e-01
2.011780626599646016e-01
3.090429255239008910e+00
1.183601781319232327e-01
1.366124982685879702e-02
-9.940542701262948810e-01
-2.865165518164923242e+01
-1.471386926974764142e+00
-1.009159452668651266e-04
-4.921706466322926423e-06
-1.208452235594134755e-01
-1.096963709644974659e-02
8.685280159552248858e-01
2.270046857511965905e-03
2.042851155865993765e-03
2.463907639197214679e-03
7.884887575017767922e-03
2.472310479135398503e-02
2.059025456021612854e-01
