3.775700764285458422e-01
-3.569076024766582034e-01
8.213222044451701231e-01
1.595495646650779031e+00
-9.436398752317050054e-01
9.822646398322433470e+00
2.461713114130335001e-01
1.130567980546380302e-01
6.913423516163268445e-01
-1.846257209464047122e+01
-2.835979158800943978e+00
0.000000000000000000e+00
0.000000000000000000e+00
0.000000000000000000e+00
0.000000000000000000e+00
1.000000000000000000e+00
1.000000000000000000e+00
1.000000000000000000e+00
1.000000000000000000e+00
1.000000000000000000e+00
1.000000000000000000e+00
1.000000000000000000e+00
