5.802198227121570240e-02
-3.160934509655798086e-02
2.453480135927729178e-01
1.808149665501640191e-01
2.011780626599655730e-01
3.090429255239009798e+00
1.183601781319232743e-01
1.366124982685869640e-02
-9.940542701262952141e-01
-2.865165518164920755e+01
-1.471386926974763032e+00
-1.009159452668657500e-04
-4.921706466322769722e-06
-1.208452235594133367e-01
-1.096963709644855831e-02
8.685280159552251078e-01
2.270046857511964604e-03
2.042851155865992897e-03
2.463907639197213811e-03
7.884887575017762718e-03
2.472310479135396075e-02
2.059025456021612299e-01
