2.262962475279635677e-01
1.474435156035447392e-01
5.572051173137559932e-01
1.360318419385164068e+00
5.558147793447654195e-01
7.039771186083248367e+00
1.557055318520144116e-01
1.444354420885569645e-01
-3.639754768430584875e+00
-4.043698843806612331e+01
-9.186260916101174345e+00
0.000000000000000000e+00
0.000000000000000000e+00
0.000000000000000000e+00
0.000000000000000000e+00
1.000000000000000000e+00
1.000000000000000000e+00
1.000000000000000000e+00
1.000000000000000000e+00
1.000000000000000000e+00
1.000000000000000000e+00
1.000000000000000000e+00
