4.092596755514992801e-01
1.685686040716568579e-01
9.747557646867509584e-01
1.220900480259295096e+00
1.130777352278053982e+00
3.128614347498732684e+00
3.036703842203059001e-02
3.301041955945823170e-01
-2.228245516846829588e-01
-4.594285819225142120e+00
-4.597609581874221085e+00
0.000000000000000000e+00
0.000000000000000000e+00
0.000000000000000000e+00
0.000000000000000000e+00
1.000000000000000000e+00
1.000000000000000000e+00
1.000000000000000000e+00
1.000000000000000000e+00
1.000000000000000000e+00
1.000000000000000000e+00
1.000000000000000000e+00
