5.802198227121577179e-02
-3.160934509655828617e-02
2.453480135927723071e-01
1.808149665501641301e-01
2.011780626599653787e-01
3.090429255239008910e+00
1.183601781319233021e-01
1.366124982685826272e-02
-9.940542701262952141e-01
-2.865165518164923597e+01
-1.471386926974763476e+00
-1.009159452668661566e-04
-4.921706466323006891e-06
-1.208452235594134061e-01
-1.096963709644860167e-02
8.685280159552248858e-01
2.270046857511963303e-03
2.042851155865992030e-03
2.463907639197212944e-03
7.884887575017764452e-03
2.472310479135391564e-02
2.059025456021614520e-01
