5.802198227121568852e-02
-3.160934509655807106e-02
2.453480135927729733e-01
1.808149665501634640e-01
2.011780626599640742e-01
3.090429255239016459e+00
1.183601781319233021e-01
1.366124982685865824e-02
-9.940542701262954361e-01
-2.865165518164918979e+01
-1.471386926974762810e+00
-1.009159452668675796e-04
-4.921706466323381280e-06
-1.208452235594135588e-01
-1.096963709644885668e-02
8.685280159552245527e-01
2.270046857511965471e-03
2.042851155865989428e-03
2.463907639197212944e-03
7.884887575017766187e-03
2.472310479135393646e-02
2.059025456021610079e-01
