5.802198227121570240e-02
-3.160934509655796698e-02
2.453480135927728900e-01
1.808149665501635472e-01
2.011780626599646016e-01
3.090429255239015127e+00
1.183601781319233298e-01
1.366124982685857324e-02
-9.940542701262955472e-01
-2.865165518164917557e+01
-1.471386926974762366e+00
-1.009159452668659669e-04
-4.921706466323111076e-06
-1.208452235594134477e-01
-1.096963709644849586e-02
8.685280159552247747e-01
2.270046857511966339e-03
2.042851155865986392e-03
2.463907639197212077e-03
7.884887575017764452e-03
2.472310479135395728e-02
2.059025456021612299e-01
