2.296283710391822108e-01
-4.289230614590714419e-01
2.312856165822633203e-01
7.110601311872413177e-01
-1.253741263644085446e+00
4.247570948246101707e+00
3.861639211216272849e-01
1.654756368352743312e-01
-4.560985356872587992e+00
-2.373046580102796810e+01
-8.020049025748921423e+00
0.000000000000000000e+00
0.000000000000000000e+00
0.000000000000000000e+00
0.000000000000000000e+00
1.000000000000000000e+00
1.000000000000000000e+00
1.000000000000000000e+00
1.000000000000000000e+00
1.000000000000000000e+00
1.000000000000000000e+00
1.000000000000000000e+00
