5.802198227121571628e-02
-3.160934509655805025e-02
2.453480135927728067e-01
1.808149665501645187e-01
2.011780626599646016e-01
3.090429255239005357e+00
1.183601781319232327e-01
1.366124982685896876e-02
-9.940542701262949921e-01
-2.865165518164924663e+01
-1.471386926974763920e+00
-1.009159452668636765e-04
-4.921706466323010279e-06
-1.208452235594132118e-01
-1.096963709644981078e-02
8.685280159552256629e-01
2.270046857511965038e-03
2.042851155866002438e-03
2.463907639197214679e-03
7.884887575017766187e-03
2.472310479135396422e-02
2.059025456021614520e-01
