2.498471602344169984e-01
-2.440628656883297998e-01
2.581006309885744976e-01
1.938434188783282330e-01
2.567404582476986441e-01
1.599007346055425494e-01
7.629761444195937159e-02
2.401238652809499219e-01
-4.400763441364881956e+00
-2.915180538362528040e+01
-8.634918653674805711e-01
0.000000000000000000e+00
0.000000000000000000e+00
0.000000000000000000e+00
0.000000000000000000e+00
1.000000000000000000e+00
1.000000000000000000e+00
1.000000000000000000e+00
1.000000000000000000e+00
1.000000000000000000e+00
1.000000000000000000e+00
1.000000000000000000e+00
