5.802198227121577179e-02
-3.160934509655825148e-02
2.453480135927722239e-01
1.808149665501637415e-01
2.011780626599650734e-01
3.090429255239012907e+00
1.183601781319233437e-01
1.366124982685841364e-02
-9.940542701262956582e-01
-2.865165518164922531e+01
-1.471386926974763920e+00
-1.009159452668687858e-04
-4.921706466323076348e-06
-1.208452235594135588e-01
-1.096963709644931464e-02
8.685280159552248858e-01
2.270046857511965038e-03
2.042851155865991163e-03
2.463907639197213811e-03
7.884887575017766187e-03
2.472310479135392952e-02
2.059025456021612299e-01
