1.539674763124854184e-01
1.939147930530071839e-02
7.682976615379734087e-01
1.578441472341719498e+00
1.482248249903293846e+00
1.879213916220688896e+00
1.347526228084591216e-01
2.480960704939306205e-01
-5.652695173177360033e-01
-4.025240041791796841e+01
-8.202547532740879888e+00
0.000000000000000000e+00
0.000000000000000000e+00
0.000000000000000000e+00
0.000000000000000000e+00
1.000000000000000000e+00
1.000000000000000000e+00
1.000000000000000000e+00
1.000000000000000000e+00
1.000000000000000000e+00
1.000000000000000000e+00
1.000000000000000000e+00
