4.239500301600543919e-01
-3.110615706749870757e-01
4.506068831610129388e-01
1.250694468205705734e+00
1.878990586363398663e+00
2.078066817554957701e+00
2.972242876687097857e-01
4.557284397433878365e-01
-3.525883103613772995e+00
-1.128481109031434926e+01
-3.637233113404448659e+00
0.000000000000000000e+00
0.000000000000000000e+00
0.000000000000000000e+00
0.000000000000000000e+00
1.000000000000000000e+00
1.000000000000000000e+00
1.000000000000000000e+00
1.000000000000000000e+00
1.000000000000000000e+00
1.000000000000000000e+00
1.000000000000000000e+00
