5.802198227121575097e-02
-3.160934509655812658e-02
2.453480135927723904e-01
1.808149665501645464e-01
2.011780626599638799e-01
3.090429255239005357e+00
1.183601781319232188e-01
1.366124982685864610e-02
-9.940542701262946590e-01
-2.865165518164924663e+01
-1.471386926974763032e+00
-1.009159452668641915e-04
-4.921706466323222885e-06
-1.208452235594134200e-01
-1.096963709644873178e-02
8.685280159552248858e-01
2.270046857511963737e-03
2.042851155865992464e-03
2.463907639197214679e-03
7.884887575017766187e-03
2.472310479135395034e-02
2.059025456021615075e-01
