3.706694971076101019e-01
-4.600655012750990425e-01
4.253318373603394154e-01
6.517874372413674511e-01
1.099190014752625899e+00
4.014761629641194318e+00
3.181928863867239388e-02
4.752645399435428963e-01
-3.498794290117588801e+00
-2.108622449194967885e+00
-3.744049922563518429e+00
0.000000000000000000e+00
0.000000000000000000e+00
0.000000000000000000e+00
0.000000000000000000e+00
1.000000000000000000e+00
1.000000000000000000e+00
1.000000000000000000e+00
1.000000000000000000e+00
1.000000000000000000e+00
1.000000000000000000e+00
1.000000000000000000e+00
