5.802198227121568852e-02
-3.160934509655787678e-02
2.453480135927730010e-01
1.808149665501635472e-01
2.011780626599650179e-01
3.090429255239014683e+00
1.183601781319232604e-01
1.366124982685857497e-02
-9.940542701262948810e-01
-2.865165518164913649e+01
-1.471386926974760367e+00
-1.009159452668640424e-04
-4.921706466322628267e-06
-1.208452235594133367e-01
-1.096963709644964424e-02
8.685280159552247747e-01
2.270046857511964170e-03
2.042851155865996800e-03
2.463907639197215546e-03
7.884887575017766187e-03
2.472310479135397462e-02
2.059025456021611744e-01
