5.802198227121577179e-02
-3.160934509655800861e-02
2.453480135927722516e-01
1.808149665501631864e-01
2.011780626599657396e-01
3.090429255239017792e+00
1.183601781319233714e-01
1.366124982685841711e-02
-9.940542701262958802e-01
-2.865165518164914715e+01
-1.471386926974761478e+00
-1.009159452668680946e-04
-4.921706466322817156e-06
-1.208452235594133922e-01
-1.096963709644830677e-02
8.685280159552251078e-01
2.270046857511965038e-03
2.042851155865991163e-03
2.463907639197213811e-03
7.884887575017766187e-03
2.472310479135393299e-02
2.059025456021611467e-01
