2.272696384363423472e-01
-6.049607118658972826e-02
7.351024827574432763e-01
9.301363620108198393e-01
-1.241732529644051564e+00
6.154471314613254584e+00
1.471895813835790712e-01
2.141491746353504921e-01
-1.113404786191773965e-01
-3.996223180369899808e+01
-4.571236695732618038e+00
0.000000000000000000e+00
0.000000000000000000e+00
0.000000000000000000e+00
0.000000000000000000e+00
1.000000000000000000e+00
1.000000000000000000e+00
1.000000000000000000e+00
1.000000000000000000e+00
1.000000000000000000e+00
1.000000000000000000e+00
1.000000000000000000e+00
