1.540380274783484937e-01
-1.159920484566122623e-01
8.223898901247663762e-01
5.812147593174519233e-01
-1.941724301607873571e+00
5.623796465840895209e+00
3.687207217840465789e-01
3.486431098220817981e-01
-4.369673010349031550e+00
-4.142799430016014384e+01
-8.206377546191989225e+00
0.000000000000000000e+00
0.000000000000000000e+00
0.000000000000000000e+00
0.000000000000000000e+00
1.000000000000000000e+00
1.000000000000000000e+00
1.000000000000000000e+00
1.000000000000000000e+00
1.000000000000000000e+00
1.000000000000000000e+00
1.000000000000000000e+00
