5.802198227121573015e-02
-3.160934509655791147e-02
2.453480135927725847e-01
1.808149665501635750e-01
2.011780626599647126e-01
3.090429255239014683e+00
1.183601781319233853e-01
1.366124982685853508e-02
-9.940542701262961023e-01
-2.865165518164916492e+01
-1.471386926974762366e+00
-1.009159452668679185e-04
-4.921706466323091594e-06
-1.208452235594134755e-01
-1.096963709644792860e-02
8.685280159552248858e-01
2.270046857511965905e-03
2.042851155865986392e-03
2.463907639197212944e-03
7.884887575017766187e-03
2.472310479135392605e-02
2.059025456021610911e-01
