5.802198227121568158e-02
-3.160934509655814045e-02
2.453480135927731398e-01
1.808149665501637138e-01
2.011780626599643795e-01
3.090429255239013351e+00
1.183601781319233159e-01
1.366124982685863395e-02
-9.940542701262956582e-01
-2.865165518164920755e+01
-1.471386926974763698e+00
-1.009159452668677829e-04
-4.921706466322797674e-06
-1.208452235594134755e-01
-1.096963709644894515e-02
8.685280159552251078e-01
2.270046857511965471e-03
2.042851155865991163e-03
2.463907639197213811e-03
7.884887575017767922e-03
2.472310479135394687e-02
2.059025456021610356e-01
