2.418501322826732691e-02
-1.665293261412128523e-01
9.216562983262551745e-01
9.642691406124490605e-01
1.232932284052333571e+00
8.307343265382506559e+00
1.249758129935841788e-01
6.900145491111964180e-02
3.819412354620990158e-01
-1.444218937707640293e+01
-6.488135683958253352e+00
0.000000000000000000e+00
0.000000000000000000e+00
0.000000000000000000e+00
0.000000000000000000e+00
1.000000000000000000e+00
1.000000000000000000e+00
1.000000000000000000e+00
1.000000000000000000e+00
1.000000000000000000e+00
1.000000000000000000e+00
1.000000000000000000e+00
