5.802198227121574403e-02
-3.160934509655829311e-02
2.453480135927725014e-01
1.808149665501639913e-01
2.011780626599647126e-01
3.090429255239010686e+00
1.183601781319233159e-01
1.366124982685825752e-02
-9.940542701262954361e-01
-2.865165518164922531e+01
-1.471386926974763698e+00
-1.009159452668681895e-04
-4.921706466323033996e-06
-1.208452235594135310e-01
-1.096963709644941179e-02
8.685280159552248858e-01
2.270046857511963303e-03
2.042851155865993331e-03
2.463907639197212510e-03
7.884887575017762718e-03
2.472310479135393299e-02
2.059025456021615352e-01
