2.307116502768256638e-01
7.184776741099652142e-02
3.472075422371394549e-01
7.300253309106174981e-01
5.550998813095300299e-01
2.789170156462312811e+00
3.206156287229428026e-02
3.242431141936392147e-01
-1.412964169916268276e+00
-4.399978781045567899e+01
-8.787543873789967819e+00
0.000000000000000000e+00
0.000000000000000000e+00
0.000000000000000000e+00
0.000000000000000000e+00
1.000000000000000000e+00
1.000000000000000000e+00
1.000000000000000000e+00
1.000000000000000000e+00
1.000000000000000000e+00
1.000000000000000000e+00
1.000000000000000000e+00
