5.802198227121578566e-02
-3.160934509655818209e-02
2.453480135927720851e-01
1.808149665501639358e-01
2.011780626599652400e-01
3.090429255239011130e+00
1.183601781319233021e-01
1.366124982685828528e-02
-9.940542701262952141e-01
-2.865165518164921110e+01
-1.471386926974762366e+00
-1.009159452668654654e-04
-4.921706466323116158e-06
-1.208452235594135171e-01
-1.096963709644830677e-02
8.685280159552248858e-01
2.270046857511963737e-03
2.042851155865985091e-03
2.463907639197213811e-03
7.884887575017767922e-03
2.472310479135393646e-02
2.059025456021614797e-01
