5.802198227121575791e-02
-3.160934509655817515e-02
2.453480135927723627e-01
1.808149665501642134e-01
2.011780626599654065e-01
3.090429255239008466e+00
1.183601781319232327e-01
1.366124982685848997e-02
-9.940542701262946590e-01
-2.865165518164924663e+01
-1.471386926974763698e+00
-1.009159452668646794e-04
-4.921706466322934046e-06
-1.208452235594134616e-01
-1.096963709644907872e-02
8.685280159552251078e-01
2.270046857511963303e-03
2.042851155865988994e-03
2.463907639197213378e-03
7.884887575017766187e-03
2.472310479135393299e-02
2.059025456021614242e-01
