2.073900986442097638e-01
-1.198116541782423550e-01
3.204240871945392977e-01
2.877711822290880406e-01
4.501048196780379484e-01
3.278037350434702901e+00
4.874798224209507258e-01
4.137942038429887615e-01
-4.753106441185058983e+00
-3.287726725589219967e+01
-8.646308584518962448e+00
0.000000000000000000e+00
0.000000000000000000e+00
0.000000000000000000e+00
0.000000000000000000e+00
1.000000000000000000e+00
1.000000000000000000e+00
1.000000000000000000e+00
1.000000000000000000e+00
1.000000000000000000e+00
1.000000000000000000e+00
1.000000000000000000e+00
