5.303245297736636221e-02
2.454714848856129894e-01
5.723135366314988648e-01
9.164823675217628196e-01
-4.611763878234551584e-01
2.739893062519525024e+00
3.339812047040366383e-01
1.977375053911389347e-01
-3.310562635975146328e+00
-1.100401473247198680e+01
-4.009058361900189382e+00
0.000000000000000000e+00
0.000000000000000000e+00
0.000000000000000000e+00
0.000000000000000000e+00
1.000000000000000000e+00
1.000000000000000000e+00
1.000000000000000000e+00
1.000000000000000000e+00
1.000000000000000000e+00
1.000000000000000000e+00
1.000000000000000000e+00
