5.802198227121583424e-02
-3.160934509655816821e-02
2.453480135927716688e-01
1.808149665501644632e-01
2.011780626599652677e-01
3.090429255239005801e+00
1.183601781319232882e-01
1.366124982685871722e-02
-9.940542701262953251e-01
-2.865165518164923597e+01
-1.471386926974763254e+00
-1.009159452668666716e-04
-4.921706466322947599e-06
-1.208452235594133506e-01
-1.096963709644925913e-02
8.685280159552254409e-01
2.270046857511965471e-03
2.042851155865995933e-03
2.463907639197213378e-03
7.884887575017762718e-03
2.472310479135391564e-02
2.059025456021614520e-01
