1.364289014508874853e-01
-1.157161854696525660e-01
3.319386402548125670e-01
1.947194610702029038e+00
-2.147760463929175856e-01
7.633389357799613251e+00
2.850523163586117792e-01
3.989849239686954485e-01
-1.978169276039491109e+00
-8.554196695091960123e+00
-9.504208735757064375e+00
0.000000000000000000e+00
0.000000000000000000e+00
0.000000000000000000e+00
0.000000000000000000e+00
1.000000000000000000e+00
1.000000000000000000e+00
1.000000000000000000e+00
1.000000000000000000e+00
1.000000000000000000e+00
1.000000000000000000e+00
1.000000000000000000e+00
