5.802198227121575791e-02
-3.160934509655815433e-02
2.453480135927723904e-01
1.808149665501639913e-01
2.011780626599644906e-01
3.090429255239011130e+00
1.183601781319233159e-01
1.366124982685850385e-02
-9.940542701262954361e-01
-2.865165518164919689e+01
-1.471386926974762588e+00
-1.009159452668685148e-04
-4.921706466323501558e-06
-1.208452235594134616e-01
-1.096963709644886015e-02
8.685280159552248858e-01
2.270046857511965038e-03
2.042851155865991163e-03
2.463907639197210776e-03
7.884887575017764452e-03
2.472310479135392605e-02
2.059025456021613965e-01
