3.204187780869686142e-01
4.787497704513150598e-01
2.920006618400964316e-01
1.134503535134141483e+00
-1.786954386544456597e+00
7.456236158911266898e-01
3.025219167068139980e-01
1.417430436838262864e-02
-3.585764630551425469e+00
-3.772401121359877862e+01
-6.621311914750258154e+00
0.000000000000000000e+00
0.000000000000000000e+00
0.000000000000000000e+00
0.000000000000000000e+00
1.000000000000000000e+00
1.000000000000000000e+00
1.000000000000000000e+00
1.000000000000000000e+00
1.000000000000000000e+00
1.000000000000000000e+00
1.000000000000000000e+00
