5.402751916452545183e-02
-3.042544983739358527e-02
2.824045262550331503e-01
2.195461337840340088e-01
1.413284784218908074e-01
2.740854038988347341e+00
-2.955261544896139458e-01
-1.149445839884456477e+00
3.857134828591712417e+00
4.773843368494527795e+02
9.632186982375749551e+00
-9.046595647841324526e-05
-5.086470485714143032e-05
-1.226426388301970205e-01
-1.080189987898575767e-02
8.229228569776004809e-01
3.380047500689115341e-03
3.375852649704213539e-03
6.332209878491744728e-03
2.540525103400709250e-02
4.189075095472109128e-02
3.138884695405547154e-01
