3.541661754866167189e-01
-1.525442632718694291e-01
6.119861801942076962e-01
1.619000265469101585e-01
-1.686641432302368404e+00
2.136699088508672517e+00
9.686819761043546917e-02
2.798367591354012918e-01
-4.066017504798525195e+00
-1.384013812650336206e+01
-6.548277881736870754e+00
0.000000000000000000e+00
0.000000000000000000e+00
0.000000000000000000e+00
0.000000000000000000e+00
1.000000000000000000e+00
1.000000000000000000e+00
1.000000000000000000e+00
1.000000000000000000e+00
1.000000000000000000e+00
1.000000000000000000e+00
1.000000000000000000e+00
