5.802198227121566770e-02
-3.160934509655799474e-02
2.453480135927732231e-01
1.808149665501634362e-01
2.011780626599658506e-01
3.090429255239015571e+00
1.183601781319233576e-01
1.366124982685863222e-02
-9.940542701262959913e-01
-2.865165518164917913e+01
-1.471386926974763032e+00
-1.009159452668658314e-04
-4.921706466322866284e-06
-1.208452235594133783e-01
-1.096963709644912383e-02
8.685280159552248858e-01
2.270046857511966339e-03
2.042851155865990729e-03
2.463907639197212944e-03
7.884887575017766187e-03
2.472310479135394687e-02
2.059025456021610079e-01
