5.802198227121570240e-02
-3.160934509655801555e-02
2.453480135927728623e-01
1.808149665501638526e-01
2.011780626599643240e-01
3.090429255239012019e+00
1.183601781319232743e-01
1.366124982685876406e-02
-9.940542701262951031e-01
-2.865165518164921110e+01
-1.471386926974762810e+00
-1.009159452668656281e-04
-4.921706466323127170e-06
-1.208452235594135171e-01
-1.096963709644916546e-02
8.685280159552248858e-01
2.270046857511964604e-03
2.042851155865986392e-03
2.463907639197213378e-03
7.884887575017767922e-03
2.472310479135394340e-02
2.059025456021612577e-01
