6.771369041838631864e-02
1.750456727496263465e-02
8.345219183218678394e-01
1.852726868386762371e+00
1.543997678150019759e-01
4.904521903027764473e+00
6.878719562649454611e-02
2.678877062270714204e-01
-2.756926680585153555e+00
-3.122678181585548884e+00
-9.507023313432746647e+00
0.000000000000000000e+00
0.000000000000000000e+00
0.000000000000000000e+00
0.000000000000000000e+00
1.000000000000000000e+00
1.000000000000000000e+00
1.000000000000000000e+00
1.000000000000000000e+00
1.000000000000000000e+00
1.000000000000000000e+00
1.000000000000000000e+00
