4.399694294678287987e-01
-2.125126210609062927e-01
5.905938865517545988e-01
1.289342553243165934e+00
4.280137108529498136e-01
6.128770019475764386e+00
2.541842917272724156e-01
8.265751914966623648e-02
-4.775996073631180394e+00
-4.960402363791189373e+00
-8.606164252491197431e+00
0.000000000000000000e+00
0.000000000000000000e+00
0.000000000000000000e+00
0.000000000000000000e+00
1.000000000000000000e+00
1.000000000000000000e+00
1.000000000000000000e+00
1.000000000000000000e+00
1.000000000000000000e+00
1.000000000000000000e+00
1.000000000000000000e+00
