2.906319704728048126e-01
-4.085415944477166494e-02
7.118979868794101939e-01
8.186632958986026498e-01
1.829618878049348751e+00
8.587805060195121243e+00
4.789281348456645993e-01
4.687277845891501538e-01
-2.665399523747236099e+00
-4.928082512322806252e+01
-3.829087805560571489e+00
0.000000000000000000e+00
0.000000000000000000e+00
0.000000000000000000e+00
0.000000000000000000e+00
1.000000000000000000e+00
1.000000000000000000e+00
1.000000000000000000e+00
1.000000000000000000e+00
1.000000000000000000e+00
1.000000000000000000e+00
1.000000000000000000e+00
