5.389671828784553531e-02
-4.803112252068346688e-01
2.475179872877719678e-02
3.083483494121497248e-01
1.240898443539569129e+00
5.448610265691984367e+00
1.131087847552750270e-01
7.955688550911604873e-02
-1.514570075641597846e+00
-3.754944159240930901e+01
-6.702472814217461661e+00
0.000000000000000000e+00
0.000000000000000000e+00
0.000000000000000000e+00
0.000000000000000000e+00
1.000000000000000000e+00
1.000000000000000000e+00
1.000000000000000000e+00
1.000000000000000000e+00
1.000000000000000000e+00
1.000000000000000000e+00
1.000000000000000000e+00
