4.683785743493226184e-01
-4.757293168182959997e-01
7.526806172048261523e-02
1.665990158184635916e-01
-1.808384426212152896e-01
3.049281496342048925e-01
4.823730960555067671e-01
3.003131983040960296e-01
7.563216750378094488e-01
-9.120719488735716141e+00
-1.827669249381429495e+00
0.000000000000000000e+00
0.000000000000000000e+00
0.000000000000000000e+00
0.000000000000000000e+00
1.000000000000000000e+00
1.000000000000000000e+00
1.000000000000000000e+00
1.000000000000000000e+00
1.000000000000000000e+00
1.000000000000000000e+00
1.000000000000000000e+00
