1.547013727975359298e-01
-4.960363632477240436e-01
3.489710694789932566e-01
4.543862142527155257e-01
-2.013943327803069394e-02
9.829957999867644958e+00
2.791871074901861038e-01
3.093702415537081807e-01
-5.737401997500146678e-01
-4.634660108765004338e+01
-4.873588659722024374e+00
0.000000000000000000e+00
0.000000000000000000e+00
0.000000000000000000e+00
0.000000000000000000e+00
1.000000000000000000e+00
1.000000000000000000e+00
1.000000000000000000e+00
1.000000000000000000e+00
1.000000000000000000e+00
1.000000000000000000e+00
1.000000000000000000e+00
