4.945057567378000618e-01
4.954472684472543964e-02
2.814473019550628452e-01
1.545791321583454003e-01
-2.221220161127877013e-01
4.728079697554853134e+00
2.426100045322293619e-02
8.166222410413337407e-02
-4.304295731012333093e+00
-1.863041586477869771e+01
-1.438179514043756768e+00
0.000000000000000000e+00
0.000000000000000000e+00
0.000000000000000000e+00
0.000000000000000000e+00
1.000000000000000000e+00
1.000000000000000000e+00
1.000000000000000000e+00
1.000000000000000000e+00
1.000000000000000000e+00
1.000000000000000000e+00
1.000000000000000000e+00
