5.802198227121583424e-02
-3.160934509655796698e-02
2.453480135927716133e-01
1.808149665501645187e-01
2.011780626599644073e-01
3.090429255239005801e+00
1.183601781319232604e-01
1.366124982685869120e-02
-9.940542701262949921e-01
-2.865165518164922887e+01
-1.471386926974762366e+00
-1.009159452668659940e-04
-4.921706466323208485e-06
-1.208452235594133090e-01
-1.096963709644880637e-02
8.685280159552253298e-01
2.270046857511965038e-03
2.042851155865988994e-03
2.463907639197215112e-03
7.884887575017766187e-03
2.472310479135392605e-02
2.059025456021615630e-01
