5.802198227121573015e-02
-3.160934509655780045e-02
2.453480135927725847e-01
1.808149665501641856e-01
2.011780626599643240e-01
3.090429255239008910e+00
1.183601781319232882e-01
1.366124982685899478e-02
-9.940542701262953251e-01
-2.865165518164922176e+01
-1.471386926974763032e+00
-1.009159452668667529e-04
-4.921706466322592692e-06
-1.208452235594132673e-01
-1.096963709644883933e-02
8.685280159552248858e-01
2.270046857511965905e-03
2.042851155865993765e-03
2.463907639197215546e-03
7.884887575017766187e-03
2.472310479135395381e-02
2.059025456021612854e-01
