5.802198227121577179e-02
-3.160934509655825148e-02
2.453480135927722516e-01
1.808149665501641856e-01
2.011780626599659894e-01
3.090429255239008466e+00
1.183601781319232465e-01
1.366124982685829915e-02
-9.940542701262947700e-01
-2.865165518164925018e+01
-1.471386926974763698e+00
-1.009159452668683928e-04
-4.921706466323631154e-06
-1.208452235594135171e-01
-1.096963709644910648e-02
8.685280159552251078e-01
2.270046857511963303e-03
2.042851155865987259e-03
2.463907639197213378e-03
7.884887575017766187e-03
2.472310479135392952e-02
2.059025456021614520e-01
