2.967496887067941902e-01
1.635019656552250122e-02
9.436065617918354409e-01
6.278063730055720715e-01
-1.206200517371508685e+00
7.436230946021271659e-01
4.796848816547885086e-01
1.274747265293235121e-01
-3.612505065227986645e+00
-2.198837993681528857e+01
-4.220794881413497457e+00
0.000000000000000000e+00
0.000000000000000000e+00
0.000000000000000000e+00
0.000000000000000000e+00
1.000000000000000000e+00
1.000000000000000000e+00
1.000000000000000000e+00
1.000000000000000000e+00
1.000000000000000000e+00
1.000000000000000000e+00
1.000000000000000000e+00
