1.692038472226679025e-01
-3.818035952094955832e-01
9.099719292290381345e-01
1.774266686448506380e+00
-1.910278117070177917e+00
4.444414587367297997e+00
1.827665693648797274e-01
3.643819221165525701e-01
-1.311871314288700852e+00
-3.429874028034248568e+00
-9.210372541061225604e+00
0.000000000000000000e+00
0.000000000000000000e+00
0.000000000000000000e+00
0.000000000000000000e+00
1.000000000000000000e+00
1.000000000000000000e+00
1.000000000000000000e+00
1.000000000000000000e+00
1.000000000000000000e+00
1.000000000000000000e+00
1.000000000000000000e+00
