5.802198227121575791e-02
-3.160934509655800861e-02
2.453480135927723627e-01
1.808149665501638248e-01
2.011780626599641575e-01
3.090429255239012463e+00
1.183601781319232743e-01
1.366124982685854548e-02
-9.940542701262951031e-01
-2.865165518164917913e+01
-1.471386926974761700e+00
-1.009159452668664277e-04
-4.921706466323333846e-06
-1.208452235594134200e-01
-1.096963709644921403e-02
8.685280159552251078e-01
2.270046857511964170e-03
2.042851155865995933e-03
2.463907639197214679e-03
7.884887575017766187e-03
2.472310479135394687e-02
2.059025456021612299e-01
