5.802198227121572321e-02
-3.160934509655816127e-02
2.453480135927726680e-01
1.808149665501636860e-01
2.011780626599648791e-01
3.090429255239013351e+00
1.183601781319233298e-01
1.366124982685836854e-02
-9.940542701262954361e-01
-2.865165518164918623e+01
-1.471386926974762366e+00
-1.009159452668667123e-04
-4.921706466323608285e-06
-1.208452235594135726e-01
-1.096963709644921230e-02
8.685280159552247747e-01
2.270046857511964604e-03
2.042851155865991163e-03
2.463907639197213811e-03
7.884887575017767922e-03
2.472310479135393993e-02
2.059025456021613409e-01
