3.211704555727730170e-01
3.138874986411033241e-01
4.594468432021263649e-01
1.241964287116941401e+00
-1.641648368839650818e+00
2.878005889164161335e+00
1.230546755798039849e-01
1.080929627335358578e-01
4.005999462994358495e-01
-3.732725456529209396e+01
-2.113836494195241222e+00
0.000000000000000000e+00
0.000000000000000000e+00
0.000000000000000000e+00
0.000000000000000000e+00
1.000000000000000000e+00
1.000000000000000000e+00
1.000000000000000000e+00
1.000000000000000000e+00
1.000000000000000000e+00
1.000000000000000000e+00
1.000000000000000000e+00
