5.802198227121574403e-02
-3.160934509655799474e-02
2.453480135927724182e-01
1.808149665501637415e-01
2.011780626599655730e-01
3.090429255239012463e+00
1.183601781319233437e-01
1.366124982685845701e-02
-9.940542701262957692e-01
-2.865165518164922531e+01
-1.471386926974763476e+00
-1.009159452668666445e-04
-4.921706466323139875e-06
-1.208452235594135032e-01
-1.096963709644933720e-02
8.685280159552245527e-01
2.270046857511964604e-03
2.042851155865991596e-03
2.463907639197214245e-03
7.884887575017764452e-03
2.472310479135391564e-02
2.059025456021612022e-01
