1.685694746405133060e-01
2.181416838769822952e-02
9.289879717749833787e-01
1.052949240874742509e+00
1.745043352095104083e+00
9.535261475604388082e+00
3.152214691996002571e-01
2.084897995356011502e-01
-3.577208212041618651e+00
-2.049912220263796314e+01
-6.638573566255393743e+00
0.000000000000000000e+00
0.000000000000000000e+00
0.000000000000000000e+00
0.000000000000000000e+00
1.000000000000000000e+00
1.000000000000000000e+00
1.000000000000000000e+00
1.000000000000000000e+00
1.000000000000000000e+00
1.000000000000000000e+00
1.000000000000000000e+00
