5.802198227121575791e-02
-3.160934509655805025e-02
2.453480135927723071e-01
1.808149665501634085e-01
2.011780626599644073e-01
3.090429255239016459e+00
1.183601781319233576e-01
1.366124982685858712e-02
-9.940542701262958802e-01
-2.865165518164915426e+01
-1.471386926974762144e+00
-1.009159452668682708e-04
-4.921706466323366033e-06
-1.208452235594135032e-01
-1.096963709644880464e-02
8.685280159552248858e-01
2.270046857511966339e-03
2.042851155865993331e-03
2.463907639197213811e-03
7.884887575017766187e-03
2.472310479135392605e-02
2.059025456021611189e-01
