3.912065836973922517e-01
3.292120414825708830e-01
6.162218638461903764e-01
1.840985290080332959e+00
9.370133483168081590e-01
4.285027771951663844e+00
1.624458683028008332e-01
4.750445200204091445e-01
-9.820101001186047895e-01
-1.395245933213506362e+01
-9.750505451139243718e+00
0.000000000000000000e+00
0.000000000000000000e+00
0.000000000000000000e+00
0.000000000000000000e+00
1.000000000000000000e+00
1.000000000000000000e+00
1.000000000000000000e+00
1.000000000000000000e+00
1.000000000000000000e+00
1.000000000000000000e+00
1.000000000000000000e+00
