2.274217606681366299e-01
3.474693414571096151e-01
5.309715552235447777e-01
1.313894437563030371e+00
-1.769360917380797815e-01
2.459689345872504429e+00
4.874157091498260153e-02
2.465821661176138546e-01
-3.703527435312811811e+00
-6.628919453704455123e+00
-1.252802448698959736e+00
0.000000000000000000e+00
0.000000000000000000e+00
0.000000000000000000e+00
0.000000000000000000e+00
1.000000000000000000e+00
1.000000000000000000e+00
1.000000000000000000e+00
1.000000000000000000e+00
1.000000000000000000e+00
1.000000000000000000e+00
1.000000000000000000e+00
