5.802198227121574403e-02
-3.160934509655861230e-02
2.453480135927726125e-01
1.808149665501638248e-01
2.011780626599637689e-01
3.090429255239012907e+00
1.183601781319232465e-01
1.366124982685825752e-02
-9.940542701262946590e-01
-2.865165518164919334e+01
-1.471386926974762810e+00
-1.009159452668685690e-04
-4.921706466323742963e-06
-1.208452235594135865e-01
-1.096963709644768227e-02
8.685280159552251078e-01
2.270046857511963303e-03
2.042851155865992030e-03
2.463907639197212944e-03
7.884887575017766187e-03
2.472310479135394340e-02
2.059025456021611744e-01
