5.802198227121571628e-02
-3.160934509655811964e-02
2.453480135927727512e-01
1.808149665501636583e-01
2.011780626599646848e-01
3.090429255239014239e+00
1.183601781319233298e-01
1.366124982685860620e-02
-9.940542701262956582e-01
-2.865165518164921110e+01
-1.471386926974763698e+00
-1.009159452668689078e-04
-4.921706466323003503e-06
-1.208452235594135449e-01
-1.096963709644895035e-02
8.685280159552247747e-01
2.270046857511965905e-03
2.042851155865989428e-03
2.463907639197212510e-03
7.884887575017766187e-03
2.472310479135392952e-02
2.059025456021610911e-01
