4.436638308680500575e-01
-4.018284964649045943e-01
3.524081670219068041e-01
1.153892672474397862e+00
4.620781206771908955e-01
2.375066960905392044e+00
1.940066147225468218e-01
4.861552628958480393e-01
-4.780019906520122319e+00
-4.199926918191127356e+01
-7.317116796742958229e+00
0.000000000000000000e+00
0.000000000000000000e+00
0.000000000000000000e+00
0.000000000000000000e+00
1.000000000000000000e+00
1.000000000000000000e+00
1.000000000000000000e+00
1.000000000000000000e+00
1.000000000000000000e+00
1.000000000000000000e+00
1.000000000000000000e+00
