1.779451748814969703e-02
2.796446753429163712e-01
6.856410428393421297e-01
4.223642350624063901e-01
-1.033352457067669761e+00
9.444693130561127248e+00
2.074068178654580596e-01
3.726686978606549294e-01
-4.194541976184664733e+00
-2.882312643880625203e+01
-5.530959004546232904e+00
0.000000000000000000e+00
0.000000000000000000e+00
0.000000000000000000e+00
0.000000000000000000e+00
1.000000000000000000e+00
1.000000000000000000e+00
1.000000000000000000e+00
1.000000000000000000e+00
1.000000000000000000e+00
1.000000000000000000e+00
1.000000000000000000e+00
