5.802198227121566770e-02
-3.160934509655825841e-02
2.453480135927733341e-01
1.808149665501637415e-01
2.011780626599645461e-01
3.090429255239012907e+00
1.183601781319232465e-01
1.366124982685864436e-02
-9.940542701262948810e-01
-2.865165518164920400e+01
-1.471386926974763254e+00
-1.009159452668664141e-04
-4.921706466323094136e-06
-1.208452235594133783e-01
-1.096963709644796156e-02
8.685280159552253298e-01
2.270046857511964604e-03
2.042851155865993765e-03
2.463907639197212510e-03
7.884887575017766187e-03
2.472310479135395728e-02
2.059025456021612022e-01
