5.802198227121570934e-02
-3.160934509655830005e-02
2.453480135927728623e-01
1.808149665501644354e-01
2.011780626599651012e-01
3.090429255239006245e+00
1.183601781319232465e-01
1.366124982685842058e-02
-9.940542701262947700e-01
-2.865165518164927150e+01
-1.471386926974764586e+00
-1.009159452668682437e-04
-4.921706466323133946e-06
-1.208452235594135449e-01
-1.096963709644921230e-02
8.685280159552248858e-01
2.270046857511963737e-03
2.042851155865992897e-03
2.463907639197213811e-03
7.884887575017766187e-03
2.472310479135395728e-02
2.059025456021615075e-01
