5.802198227121575097e-02
-3.160934509655801555e-02
2.453480135927723349e-01
1.808149665501635195e-01
2.011780626599645738e-01
3.090429255239015571e+00
1.183601781319233576e-01
1.366124982685836681e-02
-9.940542701262957692e-01
-2.865165518164917202e+01
-1.471386926974762366e+00
-1.009159452668673221e-04
-4.921706466323059407e-06
-1.208452235594136004e-01
-1.096963709644811075e-02
8.685280159552244417e-01
2.270046857511964604e-03
2.042851155865994632e-03
2.463907639197213811e-03
7.884887575017766187e-03
2.472310479135392258e-02
2.059025456021611467e-01
