5.802198227121554974e-02
-3.160934509655840413e-02
2.453480135927744443e-01
1.808149665501639358e-01
2.011780626599639632e-01
3.090429255239011130e+00
1.183601781319232604e-01
1.366124982685861140e-02
-9.940542701262949921e-01
-2.865165518164920755e+01
-1.471386926974763698e+00
-1.009159452668688942e-04
-4.921706466322683325e-06
-1.208452235594135726e-01
-1.096963709644851667e-02
8.685280159552247747e-01
2.270046857511965038e-03
2.042851155865995066e-03
2.463907639197212944e-03
7.884887575017766187e-03
2.472310479135397809e-02
2.059025456021612299e-01
