1.718883908849893061e-01
-1.517109685435367172e-01
8.274357285645062010e-02
1.155130419166809697e+00
-1.650325668404377666e-01
9.856767895476645336e+00
2.273261703676917045e-01
2.803079740137036091e-01
-1.139424971737891035e+00
-1.749712891835457640e+01
-8.469516243165879033e+00
0.000000000000000000e+00
0.000000000000000000e+00
0.000000000000000000e+00
0.000000000000000000e+00
1.000000000000000000e+00
1.000000000000000000e+00
1.000000000000000000e+00
1.000000000000000000e+00
1.000000000000000000e+00
1.000000000000000000e+00
1.000000000000000000e+00
