4.722483014286534275e-01
-3.590182569559241532e-02
1.927950289571576103e-01
1.163789753759983947e+00
4.803368406945085489e-01
6.842240174631740501e+00
5.171877750999903656e-02
3.727378831422167305e-01
-3.308125579554584306e+00
-1.232877064278584101e+01
-2.072943704292839584e+00
0.000000000000000000e+00
0.000000000000000000e+00
0.000000000000000000e+00
0.000000000000000000e+00
1.000000000000000000e+00
1.000000000000000000e+00
1.000000000000000000e+00
1.000000000000000000e+00
1.000000000000000000e+00
1.000000000000000000e+00
1.000000000000000000e+00
