5.802198227121569546e-02
-3.160934509655820290e-02
2.453480135927730288e-01
1.808149665501642411e-01
2.011780626599636024e-01
3.090429255239008910e+00
1.183601781319233021e-01
1.366124982685881090e-02
-9.940542701262955472e-01
-2.865165518164921821e+01
-1.471386926974763920e+00
-1.009159452668677965e-04
-4.921706466322714665e-06
-1.208452235594134894e-01
-1.096963709644820442e-02
8.685280159552251078e-01
2.270046857511965905e-03
2.042851155865988561e-03
2.463907639197213378e-03
7.884887575017764452e-03
2.472310479135394687e-02
2.059025456021612299e-01
