5.802198227121579954e-02
-3.160934509655817515e-02
2.453480135927720018e-01
1.808149665501642411e-01
2.011780626599659894e-01
3.090429255239007578e+00
1.183601781319232327e-01
1.366124982685848130e-02
-9.940542701262946590e-01
-2.865165518164923597e+01
-1.471386926974763032e+00
-1.009159452668662108e-04
-4.921706466323231355e-06
-1.208452235594134894e-01
-1.096963709644861035e-02
8.685280159552251078e-01
2.270046857511963303e-03
2.042851155865991596e-03
2.463907639197213811e-03
7.884887575017766187e-03
2.472310479135392605e-02
2.059025456021615352e-01
