3.408496904222247381e-01
4.103289988412528455e-01
5.661243226294472297e-01
8.232727622964679526e-01
8.578502636837956885e-01
6.626220176306980569e+00
4.998058314863840224e-01
2.045044886342566315e-01
-2.259739590444997503e+00
-3.104313086639197294e+01
-2.005224525963966720e+00
0.000000000000000000e+00
0.000000000000000000e+00
0.000000000000000000e+00
0.000000000000000000e+00
1.000000000000000000e+00
1.000000000000000000e+00
1.000000000000000000e+00
1.000000000000000000e+00
1.000000000000000000e+00
1.000000000000000000e+00
1.000000000000000000e+00
