5.802198227121574403e-02
-3.160934509655815433e-02
2.453480135927725569e-01
1.808149665501639636e-01
2.011780626599652400e-01
3.090429255239010686e+00
1.183601781319232743e-01
1.366124982685868600e-02
-9.940542701262952141e-01
-2.865165518164925729e+01
-1.471386926974764364e+00
-1.009159452668659804e-04
-4.921706466322915412e-06
-1.208452235594135032e-01
-1.096963709644922444e-02
8.685280159552251078e-01
2.270046857511965038e-03
2.042851155865988994e-03
2.463907639197212510e-03
7.884887575017766187e-03
2.472310479135392605e-02
2.059025456021613409e-01
