2.104776691474558037e-02
-2.507322237526943276e-02
1.306898058655528994e-01
1.524155041442976088e+00
1.481334592627078006e+00
5.199463223116223887e+00
1.749954328726336383e-01
2.045475739569385110e-01
-3.617878626932241382e+00
-3.425927342393498520e+01
-6.219524033748786707e-01
0.000000000000000000e+00
0.000000000000000000e+00
0.000000000000000000e+00
0.000000000000000000e+00
1.000000000000000000e+00
1.000000000000000000e+00
1.000000000000000000e+00
1.000000000000000000e+00
1.000000000000000000e+00
1.000000000000000000e+00
1.000000000000000000e+00
