7.975537279743649677e-03
-1.579594140173046224e-02
7.537068783787400639e-01
1.635143081947556531e-01
-1.675391815372101689e+00
1.762679935663773456e+00
4.734503891101705109e-01
1.117446948554514652e-01
-4.398956445273218385e+00
-1.241967213682570303e+01
-4.383541234471882930e+00
0.000000000000000000e+00
0.000000000000000000e+00
0.000000000000000000e+00
0.000000000000000000e+00
1.000000000000000000e+00
1.000000000000000000e+00
1.000000000000000000e+00
1.000000000000000000e+00
1.000000000000000000e+00
1.000000000000000000e+00
1.000000000000000000e+00
