5.802198227121574403e-02
-3.160934509655811964e-02
2.453480135927725292e-01
1.808149665501636028e-01
2.011780626599656008e-01
3.090429255239013795e+00
1.183601781319233437e-01
1.366124982685857497e-02
-9.940542701262957692e-01
-2.865165518164915426e+01
-1.471386926974761700e+00
-1.009159452668645574e-04
-4.921706466322877295e-06
-1.208452235594133783e-01
-1.096963709644852535e-02
8.685280159552253298e-01
2.270046857511965471e-03
2.042851155865998535e-03
2.463907639197215112e-03
7.884887575017767922e-03
2.472310479135394687e-02
2.059025456021612577e-01
