4.481013566590297259e-02
4.536984919563533669e-01
3.019215821872125449e-01
1.245860951485947554e+00
-1.988436347590633702e+00
9.066190039605437789e+00
3.013541415963778003e-01
3.304252110583538737e-01
-3.512245072823311887e+00
-3.544768574322105792e-01
-7.636644691893681447e+00
0.000000000000000000e+00
0.000000000000000000e+00
0.000000000000000000e+00
0.000000000000000000e+00
1.000000000000000000e+00
1.000000000000000000e+00
1.000000000000000000e+00
1.000000000000000000e+00
1.000000000000000000e+00
1.000000000000000000e+00
1.000000000000000000e+00
