1.842625375805745369e-02
-2.326987911249328578e-01
3.400047848806647677e-01
1.736542187763399969e+00
9.842166576734534544e-04
3.313885024752287745e+00
3.084365769898632648e-01
4.096095996448312349e-02
-4.400117830791499429e+00
-4.127229244080465520e+01
-7.339352788302417885e+00
0.000000000000000000e+00
0.000000000000000000e+00
0.000000000000000000e+00
0.000000000000000000e+00
1.000000000000000000e+00
1.000000000000000000e+00
1.000000000000000000e+00
1.000000000000000000e+00
1.000000000000000000e+00
1.000000000000000000e+00
1.000000000000000000e+00
