5.802198227121575791e-02
-3.160934509655816127e-02
2.453480135927723349e-01
1.808149665501634640e-01
2.011780626599653232e-01
3.090429255239015571e+00
1.183601781319233437e-01
1.366124982685827140e-02
-9.940542701262956582e-01
-2.865165518164919689e+01
-1.471386926974762810e+00
-1.009159452668684741e-04
-4.921706466323300812e-06
-1.208452235594135449e-01
-1.096963709644794074e-02
8.685280159552245527e-01
2.270046857511964170e-03
2.042851155865988994e-03
2.463907639197212944e-03
7.884887575017764452e-03
2.472310479135393299e-02
2.059025456021612299e-01
