1.238602676292984150e-01
3.785707195716124795e-01
9.378979597461731821e-01
6.120192445840411111e-01
-1.386007660703825195e-01
1.736545656949136651e+00
1.111969272084158411e-01
1.414890808279999357e-01
-1.292627368404391852e+00
-4.013561972878909501e+01
-1.407595995372055597e+00
0.000000000000000000e+00
0.000000000000000000e+00
0.000000000000000000e+00
0.000000000000000000e+00
1.000000000000000000e+00
1.000000000000000000e+00
1.000000000000000000e+00
1.000000000000000000e+00
1.000000000000000000e+00
1.000000000000000000e+00
1.000000000000000000e+00
