5.802198227121564689e-02
-3.160934509655818903e-02
2.453480135927734451e-01
1.808149665501639358e-01
2.011780626599653787e-01
3.090429255239010686e+00
1.183601781319232743e-01
1.366124982685846569e-02
-9.940542701262951031e-01
-2.865165518164920400e+01
-1.471386926974763254e+00
-1.009159452668666310e-04
-4.921706466323045008e-06
-1.208452235594134755e-01
-1.096963709644892260e-02
8.685280159552247747e-01
2.270046857511963737e-03
2.042851155865990295e-03
2.463907639197213378e-03
7.884887575017766187e-03
2.472310479135396422e-02
2.059025456021612854e-01
