2.538618841836306483e-01
1.305506073448264859e-01
6.855655600102812386e-01
1.970986609016825541e+00
1.466192219166657207e+00
8.283684524708471386e+00
3.583337264265680222e-01
2.987701079556333572e-01
1.086211761441511214e-01
-1.988747329904262529e+01
-8.598326939167925786e+00
0.000000000000000000e+00
0.000000000000000000e+00
0.000000000000000000e+00
0.000000000000000000e+00
1.000000000000000000e+00
1.000000000000000000e+00
1.000000000000000000e+00
1.000000000000000000e+00
1.000000000000000000e+00
1.000000000000000000e+00
1.000000000000000000e+00
