8.043119619662431052e-02
2.225973732983812514e-01
9.245683153249372177e-01
6.273807058820259908e-01
1.361604123963715551e+00
5.410844294549885802e+00
4.605081365003266813e-01
2.085314032439916643e-02
-3.270114352738254571e+00
-1.764599399325145868e+01
-6.358674689395817481e+00
0.000000000000000000e+00
0.000000000000000000e+00
0.000000000000000000e+00
0.000000000000000000e+00
1.000000000000000000e+00
1.000000000000000000e+00
1.000000000000000000e+00
1.000000000000000000e+00
1.000000000000000000e+00
1.000000000000000000e+00
1.000000000000000000e+00
