5.802198227121569546e-02
-3.160934509655807106e-02
2.453480135927729178e-01
1.808149665501636305e-01
2.011780626599641575e-01
3.090429255239014239e+00
1.183601781319233159e-01
1.366124982685869294e-02
-9.940542701262955472e-01
-2.865165518164921110e+01
-1.471386926974763698e+00
-1.009159452668682302e-04
-4.921706466322859507e-06
-1.208452235594135865e-01
-1.096963709644804136e-02
8.685280159552245527e-01
2.270046857511965471e-03
2.042851155865986826e-03
2.463907639197212077e-03
7.884887575017766187e-03
2.472310479135393993e-02
2.059025456021611744e-01
