5.802198227121573015e-02
-3.160934509655804331e-02
2.453480135927726680e-01
1.808149665501642689e-01
2.011780626599639910e-01
3.090429255239008022e+00
1.183601781319232882e-01
1.366124982685891671e-02
-9.940542701262953251e-01
-2.865165518164920755e+01
-1.471386926974763032e+00
-1.009159452668635139e-04
-4.921706466322722288e-06
-1.208452235594132951e-01
-1.096963709644863290e-02
8.685280159552254409e-01
2.270046857511967206e-03
2.042851155865995066e-03
2.463907639197214245e-03
7.884887575017766187e-03
2.472310479135395728e-02
2.059025456021613687e-01
