1.768288582012061960e-02
-2.820366657799411314e-01
5.276283995816489769e-01
1.219092004333048207e+00
5.673748451426723349e-01
8.146253679938228132e+00
3.422938407216563061e-01
1.781767192390662502e-01
-2.870358487406372561e-01
-1.936434729591233861e+00
-9.380548152624207603e+00
0.000000000000000000e+00
0.000000000000000000e+00
0.000000000000000000e+00
0.000000000000000000e+00
1.000000000000000000e+00
1.000000000000000000e+00
1.000000000000000000e+00
1.000000000000000000e+00
1.000000000000000000e+00
1.000000000000000000e+00
1.000000000000000000e+00
