1.497774974305030038e-01
-7.851742377778880844e-02
5.253116017525770731e-01
1.924558704144138765e+00
1.910635108859764841e+00
6.738443624343918970e+00
2.968112994352209433e-01
2.207936338711845026e-01
-1.360216966691831786e-01
-4.171218806865553574e+01
-3.534629408933870565e+00
0.000000000000000000e+00
0.000000000000000000e+00
0.000000000000000000e+00
0.000000000000000000e+00
1.000000000000000000e+00
1.000000000000000000e+00
1.000000000000000000e+00
1.000000000000000000e+00
1.000000000000000000e+00
1.000000000000000000e+00
1.000000000000000000e+00
