5.802198227121571628e-02
-3.160934509655820290e-02
2.453480135927727790e-01
1.808149665501642411e-01
2.011780626599643795e-01
3.090429255239008466e+00
1.183601781319231910e-01
1.366124982685870855e-02
-9.940542701262943259e-01
-2.865165518164926084e+01
-1.471386926974763698e+00
-1.009159452668679862e-04
-4.921706466323036537e-06
-1.208452235594135032e-01
-1.096963709644913944e-02
8.685280159552248858e-01
2.270046857511963303e-03
2.042851155865995066e-03
2.463907639197213378e-03
7.884887575017766187e-03
2.472310479135393993e-02
2.059025456021614242e-01
