4.855694921101993966e-01
-1.037046843599633839e-01
1.648798534074003008e-02
1.438520937480968209e+00
1.251770832648420484e+00
8.415945999877799011e+00
1.598263204218423605e-01
1.134317652361916950e-01
-4.417739015419609672e+00
-2.971474569251430964e+01
-2.500360722362886534e+00
0.000000000000000000e+00
0.000000000000000000e+00
0.000000000000000000e+00
0.000000000000000000e+00
1.000000000000000000e+00
1.000000000000000000e+00
1.000000000000000000e+00
1.000000000000000000e+00
1.000000000000000000e+00
1.000000000000000000e+00
1.000000000000000000e+00
