5.569102037302370301e-02
3.545630338744768517e-01
1.174374288716744097e-01
9.842165728222276311e-01
-8.357245743178851605e-01
7.781210621273300987e+00
1.253585732721143597e-01
3.391708511698502404e-01
-1.265849429326675324e+00
-3.855462298409970856e+01
-1.992459280949468337e+00
0.000000000000000000e+00
0.000000000000000000e+00
0.000000000000000000e+00
0.000000000000000000e+00
1.000000000000000000e+00
1.000000000000000000e+00
1.000000000000000000e+00
1.000000000000000000e+00
1.000000000000000000e+00
1.000000000000000000e+00
1.000000000000000000e+00
