5.802198227121570934e-02
-3.160934509655820290e-02
2.453480135927728345e-01
1.808149665501636860e-01
2.011780626599644628e-01
3.090429255239013795e+00
1.183601781319232604e-01
1.366124982685856110e-02
-9.940542701262948810e-01
-2.865165518164919334e+01
-1.471386926974762588e+00
-1.009159452668684877e-04
-4.921706466323006891e-06
-1.208452235594135449e-01
-1.096963709644926434e-02
8.685280159552248858e-01
2.270046857511964604e-03
2.042851155865990729e-03
2.463907639197212944e-03
7.884887575017766187e-03
2.472310479135393646e-02
2.059025456021611189e-01
