5.802198227121553586e-02
-3.160934509655860536e-02
2.453480135927745831e-01
1.808149665501639636e-01
2.011780626599614097e-01
3.090429255239012463e+00
1.183601781319232465e-01
1.366124982685861314e-02
-9.940542701262948810e-01
-2.865165518164921821e+01
-1.471386926974764142e+00
-1.009159452668733395e-04
-4.921706466323041620e-06
-1.208452235594138779e-01
-1.096963709644727808e-02
8.685280159552244417e-01
2.270046857511964604e-03
2.042851155865985091e-03
2.463907639197211643e-03
7.884887575017766187e-03
2.472310479135397115e-02
2.059025456021611189e-01
