1.989844930915086185e-01
1.569694939467497496e-01
4.315647459253466600e-01
1.666705776475042589e+00
9.675137895214129813e-01
6.670086766417821167e+00
3.308625843810532041e-01
3.288997239884299817e-01
-5.390511096941432712e-01
-7.764932971096556003e+00
-4.336352701071755078e+00
0.000000000000000000e+00
0.000000000000000000e+00
0.000000000000000000e+00
0.000000000000000000e+00
1.000000000000000000e+00
1.000000000000000000e+00
1.000000000000000000e+00
1.000000000000000000e+00
1.000000000000000000e+00
1.000000000000000000e+00
1.000000000000000000e+00
