5.802198227121575097e-02
-3.160934509655818209e-02
2.453480135927724737e-01
1.808149665501644909e-01
2.011780626599658228e-01
3.090429255239005357e+00
1.183601781319233021e-01
1.366124982685857844e-02
-9.940542701262955472e-01
-2.865165518164927150e+01
-1.471386926974765030e+00
-1.009159452668659398e-04
-4.921706466322590151e-06
-1.208452235594133506e-01
-1.096963709644829463e-02
8.685280159552248858e-01
2.270046857511964170e-03
2.042851155865998969e-03
2.463907639197212510e-03
7.884887575017764452e-03
2.472310479135394340e-02
2.059025456021614520e-01
