2.769255797860368795e-01
-3.860643031831280103e-01
9.837337717444771812e-01
1.249996169218344555e+00
1.948570293758936423e+00
3.306370183782976202e+00
1.700208294698334344e-01
1.991329562180380042e-01
5.736262945164956051e-01
-4.363432338048641412e+01
-7.901010964898551592e+00
0.000000000000000000e+00
0.000000000000000000e+00
0.000000000000000000e+00
0.000000000000000000e+00
1.000000000000000000e+00
1.000000000000000000e+00
1.000000000000000000e+00
1.000000000000000000e+00
1.000000000000000000e+00
1.000000000000000000e+00
1.000000000000000000e+00
