5.802198227121568158e-02
-3.160934509655858454e-02
2.453480135927731953e-01
1.808149665501640746e-01
2.011780626599629362e-01
3.090429255239011130e+00
1.183601781319232882e-01
1.366124982685833385e-02
-9.940542701262951031e-01
-2.865165518164922176e+01
-1.471386926974763920e+00
-1.009159452668709813e-04
-4.921706466323334693e-06
-1.208452235594137669e-01
-1.096963709644861729e-02
8.685280159552245527e-01
2.270046857511964170e-03
2.042851155865988994e-03
2.463907639197212510e-03
7.884887575017764452e-03
2.472310479135393299e-02
2.059025456021612022e-01
