4.983050082579940643e-01
-2.203989953379817957e-01
1.973225554231671230e-01
6.622767633156243505e-01
1.329416130465321366e+00
2.336683562543713233e+00
1.138598361556870664e-01
4.767585600566691673e-01
-2.412865891482365299e+00
-4.765969847203209753e+01
-7.946597013232921114e+00
0.000000000000000000e+00
0.000000000000000000e+00
0.000000000000000000e+00
0.000000000000000000e+00
1.000000000000000000e+00
1.000000000000000000e+00
1.000000000000000000e+00
1.000000000000000000e+00
1.000000000000000000e+00
1.000000000000000000e+00
1.000000000000000000e+00
