5.802198227121573709e-02
-3.160934509655811964e-02
2.453480135927726125e-01
1.808149665501639636e-01
2.011780626599638244e-01
3.090429255239011130e+00
1.183601781319233021e-01
1.366124982685859406e-02
-9.940542701262954361e-01
-2.865165518164921110e+01
-1.471386926974763254e+00
-1.009159452668661702e-04
-4.921706466322934046e-06
-1.208452235594133506e-01
-1.096963709644866239e-02
8.685280159552251078e-01
2.270046857511964604e-03
2.042851155865992030e-03
2.463907639197213811e-03
7.884887575017766187e-03
2.472310479135394340e-02
2.059025456021611744e-01
