5.802198227121582730e-02
-3.160934509655810576e-02
2.453480135927717243e-01
1.808149665501641579e-01
2.011780626599644073e-01
3.090429255239009354e+00
1.183601781319232882e-01
1.366124982685869294e-02
-9.940542701262953251e-01
-2.865165518164920400e+01
-1.471386926974762144e+00
-1.009159452668671053e-04
-4.921706466322635891e-06
-1.208452235594133783e-01
-1.096963709644831197e-02
8.685280159552254409e-01
2.270046857511964170e-03
2.042851155865988994e-03
2.463907639197213378e-03
7.884887575017764452e-03
2.472310479135392605e-02
2.059025456021615075e-01
