5.802198227121564689e-02
-3.160934509655845270e-02
2.453480135927734174e-01
1.808149665501640468e-01
2.011780626599620203e-01
3.090429255239011574e+00
1.183601781319232743e-01
1.366124982685858191e-02
-9.940542701262951031e-01
-2.865165518164922176e+01
-1.471386926974763698e+00
-1.009159452668700191e-04
-4.921706466323334693e-06
-1.208452235594137947e-01
-1.096963709644816279e-02
8.685280159552245527e-01
2.270046857511964170e-03
2.042851155865981188e-03
2.463907639197212510e-03
7.884887575017766187e-03
2.472310479135396422e-02
2.059025456021611744e-01
