8.745135465576314715e-03
3.915732671802584219e-01
2.848611674739183197e-01
5.979527549179157742e-01
1.168137042621717470e+00
3.244705974782288393e+00
4.323551933451291740e-01
2.237563161069370810e-01
-1.710620561899435010e+00
-3.214140025850052496e+01
-8.876879746072901867e+00
0.000000000000000000e+00
0.000000000000000000e+00
0.000000000000000000e+00
0.000000000000000000e+00
1.000000000000000000e+00
1.000000000000000000e+00
1.000000000000000000e+00
1.000000000000000000e+00
1.000000000000000000e+00
1.000000000000000000e+00
1.000000000000000000e+00
