5.802198227121578566e-02
-3.160934509655786290e-02
2.453480135927720296e-01
1.808149665501634917e-01
2.011780626599662392e-01
3.090429255239014683e+00
1.183601781319232743e-01
1.366124982685862008e-02
-9.940542701262951031e-01
-2.865165518164916847e+01
-1.471386926974761256e+00
-1.009159452668663057e-04
-4.921706466322996727e-06
-1.208452235594133367e-01
-1.096963709644913944e-02
8.685280159552248858e-01
2.270046857511964604e-03
2.042851155865992030e-03
2.463907639197213378e-03
7.884887575017764452e-03
2.472310479135392952e-02
2.059025456021612854e-01
