5.802198227121557750e-02
-3.160934509655848046e-02
2.453480135927741113e-01
1.808149665501640746e-01
2.011780626599629362e-01
3.090429255239010686e+00
1.183601781319232743e-01
1.366124982685857150e-02
-9.940542701262952141e-01
-2.865165518164925729e+01
-1.471386926974765252e+00
-1.009159452668706832e-04
-4.921706466323043314e-06
-1.208452235594137947e-01
-1.096963709644800666e-02
8.685280159552244417e-01
2.270046857511965471e-03
2.042851155865984224e-03
2.463907639197211643e-03
7.884887575017766187e-03
2.472310479135396422e-02
2.059025456021610911e-01
