2.293416415041104606e-01
2.903433761011764425e-02
7.857014828163603193e-01
1.174936672716812458e+00
2.488501190759540016e-01
8.840721222360720333e+00
2.641169753350149918e-01
4.648529092085788572e-01
-1.040591166953849012e+00
-4.791630790683706209e+01
-6.350618195168533653e+00
0.000000000000000000e+00
0.000000000000000000e+00
0.000000000000000000e+00
0.000000000000000000e+00
1.000000000000000000e+00
1.000000000000000000e+00
1.000000000000000000e+00
1.000000000000000000e+00
1.000000000000000000e+00
1.000000000000000000e+00
1.000000000000000000e+00
