1.538057594259246152e-01
3.034325913926657625e-01
4.486083190931029474e-01
1.343861796097211458e+00
1.188623209905714795e+00
2.631118609067766290e+00
1.929817022777561286e-01
3.773663743648512647e-01
-1.703643069463868898e+00
-3.131335777529398712e+01
-7.761647260557690942e+00
0.000000000000000000e+00
0.000000000000000000e+00
0.000000000000000000e+00
0.000000000000000000e+00
1.000000000000000000e+00
1.000000000000000000e+00
1.000000000000000000e+00
1.000000000000000000e+00
1.000000000000000000e+00
1.000000000000000000e+00
1.000000000000000000e+00
