5.802198227121582036e-02
-3.160934509655807800e-02
2.453480135927718353e-01
1.808149665501637138e-01
2.011780626599661836e-01
3.090429255239012907e+00
1.183601781319232465e-01
1.366124982685814303e-02
-9.940542701262945480e-01
-2.865165518164919689e+01
-1.471386926974761700e+00
-1.009159452668699513e-04
-4.921706466323248296e-06
-1.208452235594134061e-01
-1.096963709644903535e-02
8.685280159552251078e-01
2.270046857511962436e-03
2.042851155865988561e-03
2.463907639197213378e-03
7.884887575017762718e-03
2.472310479135391564e-02
2.059025456021611744e-01
