5.802198227121576485e-02
-3.160934509655806413e-02
2.453480135927722794e-01
1.808149665501634085e-01
2.011780626599659616e-01
3.090429255239016015e+00
1.183601781319234270e-01
1.366124982685812568e-02
-9.940542701262963243e-01
-2.865165518164918979e+01
-1.471386926974762588e+00
-1.009159452668689484e-04
-4.921706466323536287e-06
-1.208452235594134061e-01
-1.096963709644901801e-02
8.685280159552248858e-01
2.270046857511965038e-03
2.042851155865991163e-03
2.463907639197213811e-03
7.884887575017764452e-03
2.472310479135391911e-02
2.059025456021611467e-01
