3.021442744446223294e-02
8.904748907995319041e-02
4.378010007570372064e-01
3.295622216910341074e-01
1.325189875171286946e+00
7.394498699686061549e+00
2.060725266261531630e-01
2.364467248276281297e-01
7.777516212176678323e-01
-3.173125996777210744e+01
-8.483096241149112871e-01
0.000000000000000000e+00
0.000000000000000000e+00
0.000000000000000000e+00
0.000000000000000000e+00
1.000000000000000000e+00
1.000000000000000000e+00
1.000000000000000000e+00
1.000000000000000000e+00
1.000000000000000000e+00
1.000000000000000000e+00
1.000000000000000000e+00
