2.126180719936751062e-01
-4.009670961511315745e-01
1.903456306774582441e-01
1.683545717830203570e+00
-1.987142491647180265e+00
1.234871218350837019e+00
1.935838443417265409e-01
3.289210418565001182e-01
-1.307996952759451048e+00
-4.614723298053656464e+01
-1.654613727835716475e-01
0.000000000000000000e+00
0.000000000000000000e+00
0.000000000000000000e+00
0.000000000000000000e+00
1.000000000000000000e+00
1.000000000000000000e+00
1.000000000000000000e+00
1.000000000000000000e+00
1.000000000000000000e+00
1.000000000000000000e+00
1.000000000000000000e+00
