5.802198227121563995e-02
-3.160934509655828617e-02
2.453480135927735284e-01
1.808149665501639636e-01
2.011780626599630750e-01
3.090429255239012019e+00
1.183601781319232882e-01
1.366124982685858712e-02
-9.940542701262952141e-01
-2.865165518164920400e+01
-1.471386926974763476e+00
-1.009159452668707645e-04
-4.921706466323239825e-06
-1.208452235594136004e-01
-1.096963709644760247e-02
8.685280159552247747e-01
2.270046857511965038e-03
2.042851155865985525e-03
2.463907639197213378e-03
7.884887575017764452e-03
2.472310479135395034e-02
2.059025456021610911e-01
