3.154999913028830871e-01
3.823043197860561682e-01
2.585516606401609963e-01
6.282447602404388487e-01
1.743537145805034161e+00
7.450166329122915876e+00
3.276612521389554722e-03
9.883075537290619828e-03
-8.808828595004323248e-01
-2.216089410182654262e+00
-4.985101292937357265e+00
0.000000000000000000e+00
0.000000000000000000e+00
0.000000000000000000e+00
0.000000000000000000e+00
1.000000000000000000e+00
1.000000000000000000e+00
1.000000000000000000e+00
1.000000000000000000e+00
1.000000000000000000e+00
1.000000000000000000e+00
1.000000000000000000e+00
