5.802198227121575097e-02
-3.160934509655799474e-02
2.453480135927724459e-01
1.808149665501637693e-01
2.011780626599641297e-01
3.090429255239013351e+00
1.183601781319232743e-01
1.366124982685862008e-02
-9.940542701262951031e-01
-2.865165518164918268e+01
-1.471386926974762144e+00
-1.009159452668705612e-04
-4.921706466322384322e-06
-1.208452235594133367e-01
-1.096963709644914117e-02
8.685280159552251078e-01
2.270046857511963737e-03
2.042851155865990295e-03
2.463907639197212510e-03
7.884887575017764452e-03
2.472310479135393646e-02
2.059025456021611189e-01
