5.802198227121564689e-02
-3.160934509655816127e-02
2.453480135927735006e-01
1.808149665501637970e-01
2.011780626599644350e-01
3.090429255239012463e+00
1.183601781319232604e-01
1.366124982685871722e-02
-9.940542701262951031e-01
-2.865165518164918979e+01
-1.471386926974762810e+00
-1.009159452668659398e-04
-4.921706466322652831e-06
-1.208452235594132951e-01
-1.096963709644828595e-02
8.685280159552253298e-01
2.270046857511965905e-03
2.042851155865996367e-03
2.463907639197213811e-03
7.884887575017766187e-03
2.472310479135396422e-02
2.059025456021612022e-01
