1.168055679918029721e-01
-4.656123778967568017e-01
5.800889403510552933e-01
2.582285731594782252e-01
7.449658311077054229e-01
6.836749409645193509e+00
4.365979844082399919e-01
6.348245148277592564e-02
-1.461988439354059643e+00
-4.737238874280922118e+01
-6.777136295231612984e+00
0.000000000000000000e+00
0.000000000000000000e+00
0.000000000000000000e+00
0.000000000000000000e+00
1.000000000000000000e+00
1.000000000000000000e+00
1.000000000000000000e+00
1.000000000000000000e+00
1.000000000000000000e+00
1.000000000000000000e+00
1.000000000000000000e+00
