2.945418351865212170e-01
-1.584834290612202601e-02
5.544444741510745622e-01
2.607397359532015457e-02
-1.612763572157329239e+00
8.652777708754385344e+00
2.568017233331457150e-01
4.997542370474096218e-01
-1.437873068044472014e+00
-4.781428799995623535e+01
-9.231003361141821628e+00
0.000000000000000000e+00
0.000000000000000000e+00
0.000000000000000000e+00
0.000000000000000000e+00
1.000000000000000000e+00
1.000000000000000000e+00
1.000000000000000000e+00
1.000000000000000000e+00
1.000000000000000000e+00
1.000000000000000000e+00
1.000000000000000000e+00
