5.802198227121570240e-02
-3.160934509655826535e-02
2.453480135927729455e-01
1.808149665501640468e-01
2.011780626599646293e-01
3.090429255239010242e+00
1.183601781319232465e-01
1.366124982685849865e-02
-9.940542701262947700e-01
-2.865165518164922887e+01
-1.471386926974763032e+00
-1.009159452668679049e-04
-4.921706466322849343e-06
-1.208452235594134616e-01
-1.096963709644789044e-02
8.685280159552253298e-01
2.270046857511963303e-03
2.042851155865995066e-03
2.463907639197213378e-03
7.884887575017766187e-03
2.472310479135394687e-02
2.059025456021613687e-01
