7.827318231604368792e-02
-8.313015543660795537e-02
6.680689324129596152e-02
1.730812783967016877e+00
-7.908293768683516411e-01
7.412558612544993153e+00
2.052076313637826721e-01
1.725679173325477822e-01
8.223175023976416753e-01
-7.372837023125562439e+00
-4.243148918778690160e+00
0.000000000000000000e+00
0.000000000000000000e+00
0.000000000000000000e+00
0.000000000000000000e+00
1.000000000000000000e+00
1.000000000000000000e+00
1.000000000000000000e+00
1.000000000000000000e+00
1.000000000000000000e+00
1.000000000000000000e+00
1.000000000000000000e+00
