5.802198227121568852e-02
-3.160934509655803637e-02
2.453480135927730010e-01
1.808149665501635750e-01
2.011780626599648514e-01
3.090429255239014683e+00
1.183601781319233714e-01
1.366124982685865998e-02
-9.940542701262961023e-01
-2.865165518164920755e+01
-1.471386926974763920e+00
-1.009159452668671189e-04
-4.921706466322912023e-06
-1.208452235594134061e-01
-1.096963709644922617e-02
8.685280159552248858e-01
2.270046857511966772e-03
2.042851155865988561e-03
2.463907639197213378e-03
7.884887575017766187e-03
2.472310479135393646e-02
2.059025456021610634e-01
