3.288730892100819592e-01
3.844764269032283632e-01
5.889108435009741127e-01
1.639517259392923476e+00
-1.091184574507931604e+00
1.577425930112364982e+00
3.057676335286408920e-01
3.262034435197275206e-01
-1.380658526637660977e+00
-1.498045446264739411e+01
-8.022945488351457044e+00
0.000000000000000000e+00
0.000000000000000000e+00
0.000000000000000000e+00
0.000000000000000000e+00
1.000000000000000000e+00
1.000000000000000000e+00
1.000000000000000000e+00
1.000000000000000000e+00
1.000000000000000000e+00
1.000000000000000000e+00
1.000000000000000000e+00
