5.802198227121573015e-02
-3.160934509655789065e-02
2.453480135927725292e-01
1.808149665501638248e-01
2.011780626599645183e-01
3.090429255239012019e+00
1.183601781319232743e-01
1.366124982685878834e-02
-9.940542701262952141e-01
-2.865165518164918979e+01
-1.471386926974762144e+00
-1.009159452668647336e-04
-4.921706466322588457e-06
-1.208452235594133922e-01
-1.096963709644925046e-02
8.685280159552248858e-01
2.270046857511965038e-03
2.042851155865991163e-03
2.463907639197214245e-03
7.884887575017766187e-03
2.472310479135395034e-02
2.059025456021612577e-01
