3.353787592845730026e-01
7.269567116230757353e-02
2.939898787785468759e-01
1.624798268620199604e+00
-5.833911593508482873e-01
9.910594855160908878e+00
4.424847926670283926e-01
2.328675830816722692e-01
-4.541452398890882591e+00
-9.543030241205308073e+00
-3.040675359132825939e+00
0.000000000000000000e+00
0.000000000000000000e+00
0.000000000000000000e+00
0.000000000000000000e+00
1.000000000000000000e+00
1.000000000000000000e+00
1.000000000000000000e+00
1.000000000000000000e+00
1.000000000000000000e+00
1.000000000000000000e+00
1.000000000000000000e+00
