5.802198227121567464e-02
-3.160934509655823066e-02
2.453480135927731398e-01
1.808149665501640191e-01
2.011780626599639632e-01
3.090429255239010686e+00
1.183601781319232743e-01
1.366124982685869120e-02
-9.940542701262952141e-01
-2.865165518164923242e+01
-1.471386926974764142e+00
-1.009159452668654790e-04
-4.921706466323220343e-06
-1.208452235594136559e-01
-1.096963709644904750e-02
8.685280159552245527e-01
2.270046857511965471e-03
2.042851155865986392e-03
2.463907639197213811e-03
7.884887575017766187e-03
2.472310479135395034e-02
2.059025456021612854e-01
