2.468221118373232770e-01
3.320982712268790715e-01
9.870269953759585047e-01
9.738366689076523031e-01
-3.775814302358990737e-01
2.688828769585671630e+00
4.541279068186435119e-01
4.437906722219482347e-01
-4.952839533743658151e+00
-2.679396494210567070e+01
-2.606271574897334631e+00
0.000000000000000000e+00
0.000000000000000000e+00
0.000000000000000000e+00
0.000000000000000000e+00
1.000000000000000000e+00
1.000000000000000000e+00
1.000000000000000000e+00
1.000000000000000000e+00
1.000000000000000000e+00
1.000000000000000000e+00
1.000000000000000000e+00
