5.802198227121575097e-02
-3.160934509655826535e-02
2.453480135927723904e-01
1.808149665501639358e-01
2.011780626599644628e-01
3.090429255239011130e+00
1.183601781319233298e-01
1.366124982685841885e-02
-9.940542701262955472e-01
-2.865165518164921821e+01
-1.471386926974763476e+00
-1.009159452668679998e-04
-4.921706466323023832e-06
-1.208452235594136420e-01
-1.096963709644924179e-02
8.685280159552247747e-01
2.270046857511965038e-03
2.042851155865991596e-03
2.463907639197213378e-03
7.884887575017766187e-03
2.472310479135392605e-02
2.059025456021613687e-01
