5.802198227121582730e-02
-3.160934509655834168e-02
2.453480135927717243e-01
1.808149665501641301e-01
2.011780626599652955e-01
3.090429255239008910e+00
1.183601781319232882e-01
1.366124982685827660e-02
-9.940542701262951031e-01
-2.865165518164921110e+01
-1.471386926974762366e+00
-1.009159452668661295e-04
-4.921706466323122935e-06
-1.208452235594134894e-01
-1.096963709644934240e-02
8.685280159552248858e-01
2.270046857511963303e-03
2.042851155865994198e-03
2.463907639197215112e-03
7.884887575017766187e-03
2.472310479135392258e-02
2.059025456021617018e-01
