5.802198227121577873e-02
-3.160934509655805719e-02
2.453480135927721129e-01
1.808149665501636583e-01
2.011780626599667388e-01
3.090429255239012907e+00
1.183601781319233437e-01
1.366124982685833558e-02
-9.940542701262956582e-01
-2.865165518164919689e+01
-1.471386926974762588e+00
-1.009159452668643812e-04
-4.921706466323751433e-06
-1.208452235594134339e-01
-1.096963709644874566e-02
8.685280159552251078e-01
2.270046857511964170e-03
2.042851155865989428e-03
2.463907639197214245e-03
7.884887575017764452e-03
2.472310479135392258e-02
2.059025456021612577e-01
