3.713461959915813626e-01
-1.136279779830597914e-01
9.186476768454999720e-01
8.863837470201332280e-01
-4.163850971440044013e-01
4.073344067204428320e+00
1.914902546695234076e-01
4.504084541596072855e-01
-3.101441381626779403e-01
-2.479322514632480434e+01
-4.042503842278268422e+00
0.000000000000000000e+00
0.000000000000000000e+00
0.000000000000000000e+00
0.000000000000000000e+00
1.000000000000000000e+00
1.000000000000000000e+00
1.000000000000000000e+00
1.000000000000000000e+00
1.000000000000000000e+00
1.000000000000000000e+00
1.000000000000000000e+00
