2.062871970753974993e-01
-3.583079370532397112e-01
2.760448462208894282e-01
3.333822500202829886e-01
-1.930341215150091827e+00
5.779465059479731437e+00
9.960131109862130350e-02
5.371068119510097327e-02
-3.935361198677004957e+00
-3.859186950600362565e+01
-1.265726167771816790e-01
0.000000000000000000e+00
0.000000000000000000e+00
0.000000000000000000e+00
0.000000000000000000e+00
1.000000000000000000e+00
1.000000000000000000e+00
1.000000000000000000e+00
1.000000000000000000e+00
1.000000000000000000e+00
1.000000000000000000e+00
1.000000000000000000e+00
