5.802198227121580648e-02
-3.160934509655798086e-02
2.453480135927719463e-01
1.808149665501644077e-01
2.011780626599654342e-01
3.090429255239006245e+00
1.183601781319232188e-01
1.366124982685885079e-02
-9.940542701262946590e-01
-2.865165518164923597e+01
-1.471386926974762588e+00
-1.009159452668640289e-04
-4.921706466322734147e-06
-1.208452235594132951e-01
-1.096963709644890352e-02
8.685280159552256629e-01
2.270046857511964604e-03
2.042851155865995933e-03
2.463907639197213811e-03
7.884887575017766187e-03
2.472310479135394687e-02
2.059025456021615075e-01
