1.611426419608175120e-01
4.915703945631549887e-01
9.040534210225040779e-01
1.034228640058103998e+00
1.923489477944183790e+00
7.687465219851591591e+00
3.564171701615249654e-01
2.921428066662788425e-01
-2.642391103416300790e+00
-2.175185468708010816e+01
-5.281876517856889386e+00
0.000000000000000000e+00
0.000000000000000000e+00
0.000000000000000000e+00
0.000000000000000000e+00
1.000000000000000000e+00
1.000000000000000000e+00
1.000000000000000000e+00
1.000000000000000000e+00
1.000000000000000000e+00
1.000000000000000000e+00
1.000000000000000000e+00
