5.802198227121575791e-02
-3.160934509655817515e-02
2.453480135927724182e-01
1.808149665501636305e-01
2.011780626599651844e-01
3.090429255239014239e+00
1.183601781319233159e-01
1.366124982685836681e-02
-9.940542701262953251e-01
-2.865165518164918623e+01
-1.471386926974762144e+00
-1.009159452668680540e-04
-4.921706466323278789e-06
-1.208452235594133645e-01
-1.096963709644787482e-02
8.685280159552251078e-01
2.270046857511963737e-03
2.042851155865995499e-03
2.463907639197213811e-03
7.884887575017766187e-03
2.472310479135393299e-02
2.059025456021611467e-01
