2.988993752471646448e-01
2.084619606714399609e-02
2.468327108950719717e-01
6.749926831571950725e-01
1.385781888759363145e+00
6.514305494334737823e+00
3.667011370969345818e-01
2.558905125461758412e-01
4.255790037851312491e-01
-6.862016377820978619e-01
-2.201806036333709748e+00
0.000000000000000000e+00
0.000000000000000000e+00
0.000000000000000000e+00
0.000000000000000000e+00
1.000000000000000000e+00
1.000000000000000000e+00
1.000000000000000000e+00
1.000000000000000000e+00
1.000000000000000000e+00
1.000000000000000000e+00
1.000000000000000000e+00
