5.802198227121582036e-02
-3.160934509655823066e-02
2.453480135927717520e-01
1.808149665501639636e-01
2.011780626599648514e-01
3.090429255239011130e+00
1.183601781319232743e-01
1.366124982685808058e-02
-9.940542701262948810e-01
-2.865165518164922887e+01
-1.471386926974762810e+00
-1.009159452668711575e-04
-4.921706466322917953e-06
-1.208452235594136559e-01
-1.096963709644855137e-02
8.685280159552245527e-01
2.270046857511963303e-03
2.042851155865985525e-03
2.463907639197212944e-03
7.884887575017766187e-03
2.472310479135392258e-02
2.059025456021613132e-01
