3.191679604843690177e-01
-3.042358105837372761e-02
5.024499556645851683e-01
6.907720175481424363e-01
-1.998173440075998286e+00
7.826863797845728499e+00
1.839474057116111672e-01
1.678092693076773667e-01
2.842181713682379041e-02
-3.379422284189911352e+01
-8.645598145244441923e-01
0.000000000000000000e+00
0.000000000000000000e+00
0.000000000000000000e+00
0.000000000000000000e+00
1.000000000000000000e+00
1.000000000000000000e+00
1.000000000000000000e+00
1.000000000000000000e+00
1.000000000000000000e+00
1.000000000000000000e+00
1.000000000000000000e+00
