5.802198227121572321e-02
-3.160934509655816127e-02
2.453480135927727235e-01
1.808149665501636028e-01
2.011780626599650734e-01
3.090429255239014683e+00
1.183601781319232882e-01
1.366124982685853508e-02
-9.940542701262952141e-01
-2.865165518164918979e+01
-1.471386926974762366e+00
-1.009159452668693821e-04
-4.921706466323173757e-06
-1.208452235594134894e-01
-1.096963709644915505e-02
8.685280159552248858e-01
2.270046857511964604e-03
2.042851155865991163e-03
2.463907639197213811e-03
7.884887575017766187e-03
2.472310479135394687e-02
2.059025456021611467e-01
