1.554148998781776370e-01
3.189872207188499953e-01
3.347526245715251036e-01
3.874270373470853901e-01
-1.558746699789598456e+00
9.623100874462208409e+00
4.325236258690676738e-01
4.262059869546114821e-01
-4.522933807387644833e+00
-1.196305559690033249e+01
-1.398067248553173769e+00
0.000000000000000000e+00
0.000000000000000000e+00
0.000000000000000000e+00
0.000000000000000000e+00
1.000000000000000000e+00
1.000000000000000000e+00
1.000000000000000000e+00
1.000000000000000000e+00
1.000000000000000000e+00
1.000000000000000000e+00
1.000000000000000000e+00
