2.940654005386371117e-01
3.977137279094179467e-01
8.915307294747080169e-01
1.631674954615367934e+00
-1.856441657532586831e+00
6.917575817588838660e+00
1.893404710027040694e-01
2.592554727240403145e-01
-1.052291206647121946e+00
-4.030748910585258216e+01
-7.276835979334160598e+00
0.000000000000000000e+00
0.000000000000000000e+00
0.000000000000000000e+00
0.000000000000000000e+00
1.000000000000000000e+00
1.000000000000000000e+00
1.000000000000000000e+00
1.000000000000000000e+00
1.000000000000000000e+00
1.000000000000000000e+00
1.000000000000000000e+00
