3.822583614816045250e-01
-3.626396939709553013e-01
6.883434180788416956e-02
1.755319607954487493e+00
1.408787632802801504e+00
9.768467305589982885e+00
4.017540931755627653e-01
1.794106510064745752e-01
-4.483136255682475202e+00
-1.439315399994041655e+01
-9.604897098003577938e+00
0.000000000000000000e+00
0.000000000000000000e+00
0.000000000000000000e+00
0.000000000000000000e+00
1.000000000000000000e+00
1.000000000000000000e+00
1.000000000000000000e+00
1.000000000000000000e+00
1.000000000000000000e+00
1.000000000000000000e+00
1.000000000000000000e+00
