5.802198227121576485e-02
-3.160934509655808494e-02
2.453480135927722794e-01
1.808149665501636583e-01
2.011780626599655453e-01
3.090429255239013351e+00
1.183601781319232882e-01
1.366124982685831130e-02
-9.940542701262951031e-01
-2.865165518164920044e+01
-1.471386926974762144e+00
-1.009159452668663328e-04
-4.921706466323261001e-06
-1.208452235594135032e-01
-1.096963709644929903e-02
8.685280159552244417e-01
2.270046857511963303e-03
2.042851155865988127e-03
2.463907639197212944e-03
7.884887575017766187e-03
2.472310479135392258e-02
2.059025456021612577e-01
