1.324593839185362887e-01
-4.661863914512036633e-01
2.116766036709940568e-01
1.383125630128676953e+00
-1.224875793966808235e+00
9.199374521474080524e+00
2.789875028168615212e-01
3.115652012804877025e-01
-3.279195574011995795e+00
-1.685188318938276808e+01
-5.649227200623872847e+00
0.000000000000000000e+00
0.000000000000000000e+00
0.000000000000000000e+00
0.000000000000000000e+00
1.000000000000000000e+00
1.000000000000000000e+00
1.000000000000000000e+00
1.000000000000000000e+00
1.000000000000000000e+00
1.000000000000000000e+00
1.000000000000000000e+00
