5.802198227121577873e-02
-3.160934509655811270e-02
2.453480135927721406e-01
1.808149665501640746e-01
2.011780626599639910e-01
3.090429255239010242e+00
1.183601781319232743e-01
1.366124982685866518e-02
-9.940542701262951031e-01
-2.865165518164920755e+01
-1.471386926974762810e+00
-1.009159452668671866e-04
-4.921706466323338928e-06
-1.208452235594134616e-01
-1.096963709644921403e-02
8.685280159552248858e-01
2.270046857511965038e-03
2.042851155865994632e-03
2.463907639197213378e-03
7.884887575017766187e-03
2.472310479135393646e-02
2.059025456021613132e-01
