5.802198227121561219e-02
-3.160934509655802249e-02
2.453480135927736949e-01
1.808149665501637415e-01
2.011780626599639910e-01
3.090429255239013351e+00
1.183601781319233021e-01
1.366124982685874671e-02
-9.940542701262954361e-01
-2.865165518164921110e+01
-1.471386926974763698e+00
-1.009159452668661702e-04
-4.921706466323158510e-06
-1.208452235594135449e-01
-1.096963709644938924e-02
8.685280159552247747e-01
2.270046857511966339e-03
2.042851155865982923e-03
2.463907639197213811e-03
7.884887575017766187e-03
2.472310479135396769e-02
2.059025456021611467e-01
