4.622848317136417640e-01
-2.031147915217812461e-02
9.813304900715670298e-01
1.997164839289425675e+00
-1.464641013171779527e+00
7.491344078376354965e+00
2.000885818775754998e-02
3.178844704515670361e-01
-3.186032419432706320e+00
-2.636291130298925722e+01
-5.316110939554819836e+00
0.000000000000000000e+00
0.000000000000000000e+00
0.000000000000000000e+00
0.000000000000000000e+00
1.000000000000000000e+00
1.000000000000000000e+00
1.000000000000000000e+00
1.000000000000000000e+00
1.000000000000000000e+00
1.000000000000000000e+00
1.000000000000000000e+00
