5.802198227121587587e-02
-3.160934509655834862e-02
2.453480135927712802e-01
1.808149665501640468e-01
2.011780626599664334e-01
3.090429255239009354e+00
1.183601781319233298e-01
1.366124982685818119e-02
-9.940542701262954361e-01
-2.865165518164924308e+01
-1.471386926974763698e+00
-1.009159452668650318e-04
-4.921706466323234743e-06
-1.208452235594134200e-01
-1.096963709644969281e-02
8.685280159552253298e-01
2.270046857511963303e-03
2.042851155865985958e-03
2.463907639197212944e-03
7.884887575017764452e-03
2.472310479135390177e-02
2.059025456021614242e-01
