3.378657077517761564e-01
-4.552878177970539619e-01
3.433036725425923086e-01
1.288039454039661802e+00
-8.631480050388420366e-01
9.493378066500051560e+00
7.883508438688197062e-02
1.939864812113811787e-01
-1.460037941166113740e+00
-2.561021043435797040e+01
-8.256566139758787060e+00
0.000000000000000000e+00
0.000000000000000000e+00
0.000000000000000000e+00
0.000000000000000000e+00
1.000000000000000000e+00
1.000000000000000000e+00
1.000000000000000000e+00
1.000000000000000000e+00
1.000000000000000000e+00
1.000000000000000000e+00
1.000000000000000000e+00
