5.802198227121573709e-02
-3.160934509655830699e-02
2.453480135927725847e-01
1.808149665501642134e-01
2.011780626599643795e-01
3.090429255239008466e+00
1.183601781319231910e-01
1.366124982685857324e-02
-9.940542701262943259e-01
-2.865165518164926794e+01
-1.471386926974763920e+00
-1.009159452668656145e-04
-4.921706466323602355e-06
-1.208452235594135032e-01
-1.096963709644857565e-02
8.685280159552248858e-01
2.270046857511963737e-03
2.042851155865986826e-03
2.463907639197213378e-03
7.884887575017769656e-03
2.472310479135394687e-02
2.059025456021614242e-01
