3.343507855629860859e-01
2.326213710388096434e-01
9.294537677196635928e-01
1.518826809094960373e+00
1.090296408533873773e+00
3.226465725071943957e+00
3.523214732814853867e-01
4.103169214291371159e-01
-4.812110490117651906e+00
-4.734022478268398970e+01
-1.918251664411815938e+00
0.000000000000000000e+00
0.000000000000000000e+00
0.000000000000000000e+00
0.000000000000000000e+00
1.000000000000000000e+00
1.000000000000000000e+00
1.000000000000000000e+00
1.000000000000000000e+00
1.000000000000000000e+00
1.000000000000000000e+00
1.000000000000000000e+00
