5.802198227121580648e-02
-3.160934509655801555e-02
2.453480135927718353e-01
1.808149665501636028e-01
2.011780626599645183e-01
3.090429255239014239e+00
1.183601781319233437e-01
1.366124982685830262e-02
-9.940542701262956582e-01
-2.865165518164916136e+01
-1.471386926974761478e+00
-1.009159452668664277e-04
-4.921706466323023832e-06
-1.208452235594134755e-01
-1.096963709644894862e-02
8.685280159552247747e-01
2.270046857511964170e-03
2.042851155865989428e-03
2.463907639197212510e-03
7.884887575017764452e-03
2.472310479135391911e-02
2.059025456021613132e-01
