3.568062417489596405e-01
-3.104948748567282202e-01
4.645157897972357341e-01
1.405028063190278509e+00
1.414100086058900807e+00
5.902008334612625085e+00
1.610367685778944513e-01
2.925477961225527723e-01
-3.038377629417823300e+00
-4.854437721770388237e+01
-7.392490214705119911e+00
0.000000000000000000e+00
0.000000000000000000e+00
0.000000000000000000e+00
0.000000000000000000e+00
1.000000000000000000e+00
1.000000000000000000e+00
1.000000000000000000e+00
1.000000000000000000e+00
1.000000000000000000e+00
1.000000000000000000e+00
1.000000000000000000e+00
