9.013484443838459814e-02
-4.805247585123754162e-01
4.632185264983446071e-01
1.449867858384295660e+00
-3.191855816490902775e-01
4.854270981677824004e+00
6.390407295304323387e-03
2.436858036599358068e-01
6.508399140601968114e-01
-7.460245531161064036e+00
-2.700355297791814380e+00
0.000000000000000000e+00
0.000000000000000000e+00
0.000000000000000000e+00
0.000000000000000000e+00
1.000000000000000000e+00
1.000000000000000000e+00
1.000000000000000000e+00
1.000000000000000000e+00
1.000000000000000000e+00
1.000000000000000000e+00
1.000000000000000000e+00
