5.802198227121566770e-02
-3.160934509655816821e-02
2.453480135927732508e-01
1.808149665501639913e-01
2.011780626599644073e-01
3.090429255239010686e+00
1.183601781319233021e-01
1.366124982685862181e-02
-9.940542701262954361e-01
-2.865165518164923952e+01
-1.471386926974764364e+00
-1.009159452668683386e-04
-4.921706466323094136e-06
-1.208452235594134755e-01
-1.096963709644877168e-02
8.685280159552248858e-01
2.270046857511965471e-03
2.042851155865986826e-03
2.463907639197213811e-03
7.884887575017766187e-03
2.472310479135395728e-02
2.059025456021611467e-01
